#phi    kapx    kapz    vl         vs1        vs2        vlx     vly      vlz     vs1x    vs1y     vs1z    vs2x    vs2y     vs2z
0.0000  +1.0000  +0.0000  5973.4260  3765.8755  3765.8755  1.0000  0.0000   0.0000  0.0000  1.0000   0.0000  0.0000  0.0000   1.0000  1.0000  0.0000 0.0000
0.0126  +0.9999  +0.0126  5973.4260  3765.8755  3765.8755  0.9999  -0.0000   0.0126  0.0000  1.0000   0.0000  -0.0126  0.0001   0.9999  0.0000  1.0000 0.0000
0.0252  +0.9997  +0.0252  5973.4260  3765.8755  3765.8755  0.9997  -0.0000   0.0252  0.0000  1.0000   0.0000  -0.0252  0.0003   0.9997  0.0000  1.0000 0.0000
0.0378  +0.9993  +0.0378  5973.4260  3765.8755  3765.8755  0.9993  -0.0000   0.0378  0.0000  1.0000   0.0000  -0.0378  0.0008   0.9993  0.0000  1.0000 -0.0000
0.0504  +0.9987  +0.0503  5973.4260  3765.8755  3765.8755  0.9987  -0.0000   0.0503  0.0000  1.0000   0.0000  -0.0503  0.0014   0.9987  0.0000  1.0000 -0.0000
0.0630  +0.9980  +0.0629  5973.4260  3765.8755  3765.8755  0.9980  -0.0000   0.0629  0.0000  1.0000   0.0000  -0.0629  0.0022   0.9980  0.0000  1.0000 0.0000
0.0755  +0.9971  +0.0755  5973.4260  3765.8755  3765.8755  0.9971  -0.0000   0.0755  0.0000  1.0000   0.0000  -0.0755  0.0031   0.9971  0.0000  1.0000 0.0000
0.0881  +0.9961  +0.0880  5973.4260  3765.8755  3765.8755  0.9961  -0.0000   0.0880  0.0000  1.0000   0.0000  -0.0880  0.0043   0.9961  0.0000  1.0000 -0.0000
0.1007  +0.9949  +0.1006  5973.4260  3765.8755  3765.8755  0.9949  -0.0000   0.1006  0.0000  1.0000   0.0000  -0.1006  0.0055   0.9949  0.0000  1.0000 -0.0000
0.1133  +0.9936  +0.1131  5973.4260  3765.8755  3765.8755  0.9936  -0.0000   0.1131  0.0000  1.0000   0.0000  -0.1131  0.0070   0.9936  0.0000  1.0000 -0.0000
0.1259  +0.9921  +0.1256  5973.4260  3765.8755  3765.8755  0.9921  -0.0000   0.1256  0.0000  1.0000   0.0000  -0.1256  0.0086   0.9920  0.0000  1.0000 -0.0000
0.1385  +0.9904  +0.1381  5973.4260  3765.8755  3765.8755  0.9904  -0.0000   0.1381  0.0000  1.0000   0.0000  -0.1381  0.0104   0.9904  0.0000  1.0000 -0.0000
0.1511  +0.9886  +0.1505  5973.4260  3765.8755  3765.8755  0.9886  -0.0000   0.1505  0.0000  1.0000   0.0000  -0.1505  0.0123   0.9885  0.0000  1.0000 -0.0000
0.1637  +0.9866  +0.1630  5973.4260  3765.8755  3765.8755  0.9866  -0.0000   0.1630  0.0000  1.0000   0.0000  -0.1629  0.0144   0.9865  0.0000  1.0000 0.0000
0.1763  +0.9845  +0.1754  5973.4260  3765.8755  3765.8755  0.9845  -0.0000   0.1754  0.0000  1.0000   0.0000  -0.1753  0.0167   0.9844  0.0000  1.0000 0.0000
0.1889  +0.9822  +0.1878  5973.4260  3765.8755  3765.8755  0.9822  -0.0000   0.1878  0.0000  1.0000   0.0000  -0.1877  0.0191   0.9820  0.0000  1.0000 0.0000
0.2015  +0.9798  +0.2001  5973.4260  3765.8755  3765.8755  0.9798  -0.0000   0.2001  0.0000  1.0000   0.0000  -0.2001  0.0216   0.9795  0.0000  1.0000 0.0000
0.2141  +0.9772  +0.2124  5973.4260  3765.8755  3765.8755  0.9772  -0.0000   0.2124  0.0000  1.0000   0.0000  -0.2124  0.0243   0.9769  0.0000  1.0000 0.0000
0.2266  +0.9744  +0.2247  5973.4260  3765.8755  3765.8755  0.9744  -0.0000   0.2247  0.0000  1.0000   0.0000  -0.2246  0.0271   0.9741  0.0000  1.0000 -0.0000
0.2392  +0.9715  +0.2370  5973.4260  3765.8755  3765.8755  0.9715  -0.0000   0.2370  0.0000  1.0000   0.0000  -0.2369  0.0300   0.9711  0.0000  1.0000 0.0000
0.2518  +0.9685  +0.2492  5973.4260  3765.8755  3765.8755  0.9685  -0.0000   0.2492  0.0000  1.0000   0.0000  -0.2490  0.0331   0.9679  0.0000  1.0000 -0.0000
0.2644  +0.9652  +0.2614  5973.4260  3765.8755  3765.8755  0.9652  -0.0000   0.2614  0.0000  1.0000   0.0000  -0.2612  0.0363   0.9646  0.0000  1.0000 0.0000
0.2770  +0.9619  +0.2735  5973.4260  3765.8755  3765.8755  0.9619  -0.0000   0.2735  0.0000  1.0000   0.0000  -0.2733  0.0396   0.9611  0.0000  1.0000 0.0000
0.2896  +0.9584  +0.2856  5973.4260  3765.8755  3765.8755  0.9584  -0.0000   0.2856  0.0000  1.0000   0.0000  -0.2853  0.0430   0.9575  0.0000  1.0000 -0.0000
0.3022  +0.9547  +0.2976  5973.4260  3765.8755  3765.8755  0.9547  -0.0000   0.2976  0.0000  1.0000   0.0000  -0.2973  0.0465   0.9537  0.0000  1.0000 0.0000
0.3148  +0.9509  +0.3096  5973.4260  3765.8755  3765.8755  0.9509  -0.0000   0.3096  0.0000  1.0000   0.0000  -0.3092  0.0501   0.9497  0.0000  1.0000 0.0000
0.3274  +0.9469  +0.3216  5973.4260  3765.8755  3765.8755  0.9469  -0.0000   0.3216  0.0000  1.0000   0.0000  -0.3212  -0.0455   0.9459  0.0000  1.0000 0.0000
0.3400  +0.9428  +0.3335  5973.4260  3765.8755  3765.8755  0.9428  -0.0000   0.3335  0.0000  1.0000   0.0000  -0.3329  0.0576   0.9412  0.0000  1.0000 0.0000
0.3526  +0.9385  +0.3453  5973.4260  3765.8755  3765.8755  0.9385  -0.0000   0.3453  0.0000  1.0000   0.0000  -0.3447  0.0615   0.9367  0.0000  1.0000 0.0000
0.3652  +0.9341  +0.3571  5973.4260  3765.8755  3765.8755  0.9341  -0.0000   0.3571  0.0000  1.0000   0.0000  -0.3565  0.0554   0.9326  0.0000  1.0000 -0.0000
0.3777  +0.9295  +0.3688  5973.4260  3765.8755  3765.8755  0.9295  -0.0000   0.3688  0.0000  1.0000   0.0000  -0.3679  0.0695   0.9273  0.0000  1.0000 0.0000
0.3903  +0.9248  +0.3805  5973.4260  3765.8755  3765.8755  0.9248  -0.0000   0.3805  0.0000  1.0000   0.0000  -0.3795  0.0735   0.9223  0.0000  1.0000 -0.0000
0.4029  +0.9199  +0.3921  5973.4260  3765.8755  3765.8755  0.9199  -0.0000   0.3921  0.0000  1.0000   0.0000  -0.3909  0.0776   0.9171  0.0000  1.0000 -0.0000
0.4155  +0.9149  +0.4037  5973.4260  3765.8755  3765.8755  0.9149  -0.0000   0.4037  0.0000  1.0000   0.0000  -0.4023  0.0818   0.9118  0.0000  1.0000 0.0000
0.4281  +0.9098  +0.4152  5973.4260  3765.8755  3765.8755  0.9098  -0.0000   0.4152  0.0000  1.0000   0.0000  -0.4136  0.0860   0.9064  0.0000  1.0000 0.0000
0.4407  +0.9045  +0.4266  5973.4260  3765.8755  3765.8755  0.9045  -0.0000   0.4266  0.0000  1.0000   0.0000  -0.4248  0.0903   0.9008  0.0000  1.0000 0.0000
0.4533  +0.8990  +0.4379  5973.4260  3765.8755  3765.8755  0.8990  -0.0000   0.4379  0.0000  1.0000   0.0000  -0.4360  0.0945   0.8950  0.0000  1.0000 0.0000
0.4659  +0.8934  +0.4492  5973.4260  3765.8755  3765.8755  0.8934  -0.0000   0.4492  0.0000  1.0000   0.0000  -0.4470  0.0988   0.8891  0.0000  1.0000 0.0000
0.4785  +0.8877  +0.4604  5973.4260  3765.8755  3765.8755  0.8877  -0.0000   0.4604  0.0000  1.0000   0.0000  -0.4580  0.1031   0.8830  0.0000  1.0000 0.0000
0.4911  +0.8818  +0.4716  5973.4260  3765.8755  3765.8755  0.8818  -0.0000   0.4716  0.0000  1.0000   0.0000  -0.4688  0.1074   0.8767  0.0000  1.0000 0.0000
0.5037  +0.8758  +0.4826  5973.4260  3765.8755  3765.8755  0.8758  -0.0000   0.4826  0.0000  1.0000   0.0000  -0.4796  0.1116   0.8703  0.0000  1.0000 0.0000
0.5163  +0.8697  +0.4936  5973.4260  3765.8755  3765.8755  0.8697  -0.0000   0.4936  0.0000  1.0000   0.0000  -0.4903  0.1159   0.8638  0.0000  1.0000 -0.0000
0.5288  +0.8634  +0.5045  5973.4260  3765.8755  3765.8755  0.8634  -0.0000   0.5045  0.0000  1.0000   0.0000  -0.5009  0.1201   0.8571  0.0000  1.0000 0.0000
0.5414  +0.8570  +0.5154  5973.4260  3765.8755  3765.8755  0.8570  -0.0000   0.5154  0.0000  1.0000   0.0000  -0.5114  0.1244   0.8503  0.0000  1.0000 0.0000
0.5540  +0.8504  +0.5261  5973.4260  3765.8755  3765.8755  0.8504  -0.0000   0.5261  0.0000  1.0000   0.0000  -0.5218  0.1285   0.8434  0.0000  1.0000 0.0000
0.5666  +0.8437  +0.5368  5973.4260  3765.8755  3765.8755  0.8437  -0.0000   0.5368  0.0000  1.0000   0.0000  -0.5320  0.1327   0.8363  0.0000  1.0000 -0.0000
0.5792  +0.8369  +0.5474  5973.4260  3765.8755  3765.8755  0.8369  -0.0000   0.5474  0.0000  1.0000   0.0000  -0.5422  0.1368   0.8290  0.0000  1.0000 -0.0000
0.5918  +0.8299  +0.5579  5973.4260  3765.8755  3765.8755  0.8299  -0.0000   0.5579  0.0000  1.0000   0.0000  -0.5523  0.1408   0.8217  0.0000  1.0000 0.0000
0.6044  +0.8228  +0.5683  5973.4260  3765.8755  3765.8755  0.8228  -0.0000   0.5683  0.0000  1.0000   0.0000  -0.5623  0.1448   0.8142  0.0000  1.0000 0.0000
0.6170  +0.8156  +0.5786  5973.4260  3765.8755  3765.8755  0.8156  -0.0000   0.5786  0.0000  1.0000   0.0000  -0.5721  0.1487   0.8066  0.0000  1.0000 0.0000
0.6296  +0.8083  +0.5888  5973.4260  3765.8755  3765.8755  0.8083  -0.0000   0.5888  0.0000  1.0000   0.0000  -0.5819  0.1525   0.7988  0.0000  1.0000 0.0000
0.6422  +0.8008  +0.5989  5973.4260  3765.8755  3765.8755  0.8008  -0.0000   0.5989  0.0000  1.0000   0.0000  -0.5916  0.1562   0.7910  0.0000  1.0000 -0.0000
0.6548  +0.7932  +0.6090  5973.4260  3765.8755  3765.8755  0.7932  -0.0000   0.6090  0.0000  1.0000   0.0000  -0.6033  0.1356   0.7859  0.0000  1.0000 -0.0000
0.6674  +0.7855  +0.6189  5973.4260  3765.8755  3765.8755  0.7855  -0.0000   0.6189  0.0000  1.0000   0.0000  -0.6106  0.1634   0.7749  0.0000  1.0000 0.0000
0.6799  +0.7776  +0.6287  5973.4260  3765.8755  3765.8755  0.7776  -0.0000   0.6287  0.0000  1.0000   0.0000  -0.6199  0.1669   0.7667  0.0000  1.0000 -0.0000
0.6925  +0.7696  +0.6385  5973.4260  3765.8755  3765.8755  0.7696  -0.0000   0.6385  0.0000  1.0000   0.0000  -0.6292  0.1702   0.7584  0.0000  1.0000 0.0000
0.7051  +0.7615  +0.6481  5973.4260  3765.8755  3765.8755  0.7615  -0.0000   0.6481  0.0000  1.0000   0.0000  -0.6383  0.1735   0.7500  0.0000  1.0000 -0.0000
0.7177  +0.7533  +0.6577  5973.4260  3765.8755  3765.8755  0.7533  -0.0000   0.6577  0.0000  1.0000   0.0000  -0.6473  0.1766   0.7415  0.0000  1.0000 -0.0000
0.7303  +0.7450  +0.6671  5973.4260  3765.8755  3765.8755  0.7450  -0.0000   0.6671  0.0000  1.0000   0.0000  -0.6563  0.1796   0.7329  0.0000  1.0000 0.0000
0.7429  +0.7365  +0.6764  5973.4260  3765.8755  3765.8755  0.7365  -0.0000   0.6764  0.0000  1.0000   0.0000  -0.6651  0.1824   0.7241  0.0000  1.0000 -0.0000
0.7555  +0.7279  +0.6856  5973.4260  3765.8755  3765.8755  0.7279  -0.0000   0.6856  0.0000  1.0000   0.0000  -0.6771  -0.1573   0.7189  0.0000  1.0000 -0.0000
0.7681  +0.7192  +0.6948  5973.4260  3765.8755  3765.8755  0.7192  -0.0000   0.6948  0.0000  1.0000   0.0000  -0.6824  0.1878   0.7065  0.0000  1.0000 -0.0000
0.7807  +0.7104  +0.7038  5973.4260  3765.8755  3765.8755  0.7104  -0.0000   0.7038  0.0000  1.0000   0.0000  -0.6909  0.1902   0.6975  0.0000  1.0000 0.0000
0.7933  +0.7015  +0.7126  5973.4260  3765.8755  3765.8755  -0.7015  0.0000   -0.7126  0.0000  1.0000   0.0000  -0.6993  0.1925   0.6884  0.0000  0.0000 -1.0000
0.8059  +0.6925  +0.7214  5973.4260  3765.8755  3765.8755  -0.6925  0.0000   -0.7214  0.0000  1.0000   0.0000  -0.7076  0.1947   0.6792  0.0000  0.0000 -1.0000
0.8185  +0.6834  +0.7301  5973.4260  3765.8755  3765.8755  -0.6834  0.0000   -0.7301  0.0000  1.0000   0.0000  -0.7158  0.1967   0.6700  0.0000  -0.0000 -1.0000
0.8310  +0.6741  +0.7386  5973.4260  3765.8755  3765.8755  -0.6741  0.0000   -0.7386  0.0000  1.0000   0.0000  -0.7239  0.1985   0.6607  0.0000  -0.0000 -1.0000
0.8436  +0.6648  +0.7471  5973.4260  3765.8755  3765.8755  -0.6648  0.0000   -0.7471  0.0000  1.0000   0.0000  -0.7319  0.2002   0.6513  0.0000  -0.0000 -1.0000
0.8562  +0.6553  +0.7554  5973.4260  3765.8755  3765.8755  -0.6553  0.0000   -0.7554  0.0000  1.0000   0.0000  -0.7399  0.2017   0.6418  0.0000  0.0000 -1.0000
0.8688  +0.6457  +0.7636  5973.4260  3765.8755  3765.8755  -0.6457  0.0000   -0.7636  0.0000  1.0000   0.0000  -0.7521  -0.1726   0.6360  0.0000  0.0000 -1.0000
0.8814  +0.6361  +0.7716  5973.4260  3765.8755  3765.8755  -0.6361  0.0000   -0.7716  0.0000  1.0000   0.0000  -0.7554  0.2041   0.6227  0.0000  0.0000 -1.0000
0.8940  +0.6263  +0.7796  5973.4260  3765.8755  3765.8755  -0.6263  0.0000   -0.7796  0.0000  1.0000   0.0000  -0.7676  0.1745   0.6167  0.0000  0.0000 -1.0000
0.9066  +0.6164  +0.7874  5973.4260  3765.8755  3765.8755  -0.6164  0.0000   -0.7874  0.0000  1.0000   0.0000  -0.7705  0.2059   0.6032  0.0000  0.0000 -1.0000
0.9192  +0.6065  +0.7951  5973.4260  3765.8755  3765.8755  -0.6065  0.0000   -0.7951  0.0000  1.0000   0.0000  -0.7780  0.2066   0.5934  0.0000  0.0000 -1.0000
0.9318  +0.5964  +0.8027  5973.4260  3765.8755  3765.8755  -0.5964  0.0000   -0.8027  0.0000  1.0000   0.0000  -0.7853  0.2070   0.5835  0.0000  0.0000 -1.0000
0.9444  +0.5863  +0.8101  5973.4260  3765.8755  3765.8755  -0.5863  0.0000   -0.8101  0.0000  1.0000   0.0000  -0.7925  0.2073   0.5735  0.0000  -0.0000 -1.0000
0.9570  +0.5760  +0.8174  5973.4260  3765.8755  3765.8755  -0.5760  0.0000   -0.8174  0.0000  1.0000   0.0000  -0.7997  0.2073   0.5635  0.0000  0.0000 -1.0000
0.9695  +0.5657  +0.8246  5973.4260  3765.8755  3765.8755  -0.5657  0.0000   -0.8246  0.0000  1.0000   0.0000  -0.8067  0.2072   0.5534  0.0000  0.0000 -1.0000
0.9821  +0.5552  +0.8317  5973.4260  3765.8755  3765.8755  -0.5552  0.0000   -0.8317  0.0000  1.0000   0.0000  -0.8137  0.2069   0.5432  0.0000  0.0000 -1.0000
0.9947  +0.5447  +0.8386  5973.4260  3765.8755  3765.8755  -0.5447  0.0000   -0.8386  0.0000  1.0000   0.0000  -0.8206  0.2064   0.5330  0.0000  -0.0000 -1.0000
1.0073  +0.5341  +0.8454  5973.4260  3765.8755  3765.8755  -0.5341  0.0000   -0.8454  0.0000  1.0000   0.0000  -0.8273  0.2057   0.5227  0.0000  0.0000 -1.0000
1.0199  +0.5234  +0.8521  5973.4260  3765.8755  3765.8755  -0.5234  0.0000   -0.8521  0.0000  1.0000   0.0000  -0.8340  0.2048   0.5123  0.0000  0.0000 -1.0000
1.0325  +0.5127  +0.8586  5973.4260  3765.8755  3765.8755  -0.5127  0.0000   -0.8586  0.0000  1.0000   0.0000  -0.8406  0.2037   0.5019  0.0000  -0.0000 -1.0000
1.0451  +0.5018  +0.8650  5973.4260  3765.8755  3765.8755  -0.5018  0.0000   -0.8650  0.0000  1.0000   0.0000  -0.8471  0.2025   0.4914  0.0000  -0.0000 -1.0000
1.0577  +0.4909  +0.8712  5973.4260  3765.8755  3765.8755  -0.4909  0.0000   -0.8712  0.0000  1.0000   0.0000  -0.8534  0.2010   0.4809  0.0000  0.0000 -1.0000
1.0703  +0.4799  +0.8773  5973.4260  3765.8755  3765.8755  -0.4799  0.0000   -0.8773  0.0000  1.0000   0.0000  -0.8597  0.1993   0.4702  0.0000  -0.0000 -1.0000
1.0829  +0.4688  +0.8833  5973.4260  3765.8755  3765.8755  -0.4688  0.0000   -0.8833  0.0000  1.0000   0.0000  -0.8659  0.1974   0.4596  0.0000  0.0000 -1.0000
1.0955  +0.4576  +0.8891  5973.4260  3765.8755  3765.8755  -0.4576  0.0000   -0.8891  0.0000  1.0000   0.0000  -0.8720  0.1954   0.4488  0.0000  -0.0000 -1.0000
1.1081  +0.4464  +0.8948  5973.4260  3765.8755  3765.8755  -0.4464  0.0000   -0.8948  0.0000  1.0000   0.0000  -0.8827  0.1641   0.4403  0.0000  -0.0000 -1.0000
1.1206  +0.4351  +0.9004  5973.4260  3765.8755  3765.8755  -0.4351  0.0000   -0.9004  0.0000  1.0000   0.0000  -0.8839  0.1907   0.4271  0.0000  0.0000 -1.0000
1.1332  +0.4237  +0.9058  5973.4260  3765.8755  3765.8755  -0.4237  0.0000   -0.9058  0.0000  1.0000   0.0000  -0.8896  0.1880   0.4162  0.0000  0.0000 -1.0000
1.1458  +0.4123  +0.9111  5973.4260  3765.8755  3765.8755  -0.4123  0.0000   -0.9111  0.0000  1.0000   0.0000  -0.8953  0.1852   0.4052  0.0000  0.0000 -1.0000
1.1584  +0.4008  +0.9162  5973.4260  3765.8755  3765.8755  -0.4008  0.0000   -0.9162  0.0000  1.0000   0.0000  -0.9008  0.1821   0.3941  0.0000  0.0000 -1.0000
1.1710  +0.3892  +0.9211  5973.4260  3765.8755  3765.8755  -0.3892  0.0000   -0.9211  0.0000  1.0000   0.0000  -0.9063  0.1789   0.3829  0.0000  0.0000 -1.0000
1.1836  +0.3776  +0.9260  5973.4260  3765.8755  3765.8755  -0.3776  0.0000   -0.9260  0.0000  1.0000   0.0000  -0.9116  0.1755   0.3717  0.0000  -0.0000 -1.0000
1.1962  +0.3659  +0.9307  5973.4260  3765.8755  3765.8755  -0.3659  0.0000   -0.9307  0.0000  1.0000   0.0000  -0.9168  0.1719   0.3605  0.0000  0.0000 -1.0000
1.2088  +0.3542  +0.9352  5973.4260  3765.8755  3765.8755  -0.3542  0.0000   -0.9352  0.0000  1.0000   0.0000  -0.9219  0.1681   0.3491  0.0000  0.0000 -1.0000
1.2214  +0.3423  +0.9396  5973.4260  3765.8755  3765.8755  -0.3423  0.0000   -0.9396  0.0000  1.0000   0.0000  -0.9268  0.1642   0.3377  0.0000  0.0000 -1.0000
1.2340  +0.3305  +0.9438  5973.4260  3765.8755  3765.8755  -0.3305  0.0000   -0.9438  0.0000  1.0000   0.0000  -0.9316  0.1600   0.3262  0.0000  0.0000 -1.0000
1.2466  +0.3186  +0.9479  5973.4260  3765.8755  3765.8755  -0.3186  0.0000   -0.9479  0.0000  1.0000   0.0000  -0.9363  0.1557   0.3147  0.0000  0.0000 -1.0000
1.2592  +0.3066  +0.9518  5973.4260  3765.8755  3765.8755  -0.3066  0.0000   -0.9518  0.0000  1.0000   0.0000  -0.9483  -0.0859   0.3055  0.0000  0.0000 -1.0000
1.2717  +0.2946  +0.9556  5973.4260  3765.8755  3765.8755  -0.2946  0.0000   -0.9556  0.0000  1.0000   0.0000  -0.9453  0.1465   0.2914  0.0000  0.0000 -1.0000
1.2843  +0.2826  +0.9593  5973.4260  3765.8755  3765.8755  -0.2826  0.0000   -0.9593  0.0000  1.0000   0.0000  -0.9496  0.1417   0.2797  0.0000  -0.0000 -1.0000
1.2969  +0.2705  +0.9627  5973.4260  3765.8755  3765.8755  -0.2705  0.0000   -0.9627  0.0000  1.0000   0.0000  -0.9562  0.1159   0.2686  0.0000  -0.0000 -1.0000
1.3095  +0.2583  +0.9661  5973.4260  3765.8755  3765.8755  -0.2583  0.0000   -0.9661  0.0000  1.0000   0.0000  -0.9577  0.1316   0.2561  0.0000  0.0000 -1.0000
1.3221  +0.2461  +0.9692  5973.4260  3765.8755  3765.8755  -0.2461  0.0000   -0.9692  0.0000  1.0000   0.0000  -0.9615  0.1263   0.2442  0.0000  0.0000 -1.0000
1.3347  +0.2339  +0.9723  5973.4260  3765.8755  3765.8755  -0.2339  0.0000   -0.9723  0.0000  1.0000   0.0000  -0.9651  0.1209   0.2322  0.0000  -0.0000 -1.0000
1.3473  +0.2216  +0.9751  5973.4260  3765.8755  3765.8755  -0.2216  0.0000   -0.9751  0.0000  1.0000   0.0000  -0.9686  0.1153   0.2202  0.0000  0.0000 -1.0000
1.3599  +0.2093  +0.9778  5973.4260  3765.8755  3765.8755  -0.2093  0.0000   -0.9778  0.0000  1.0000   0.0000  -0.9720  0.1096   0.2081  0.0000  0.0000 -1.0000
1.3725  +0.1970  +0.9804  5973.4260  3765.8755  3765.8755  -0.1970  0.0000   -0.9804  0.0000  1.0000   0.0000  -0.9751  0.1037   0.1960  0.0000  -0.0000 -1.0000
1.3851  +0.1847  +0.9828  5973.4260  3765.8755  3765.8755  -0.1847  0.0000   -0.9828  0.0000  1.0000   0.0000  -0.9781  0.0977   0.1838  0.0000  0.0000 -1.0000
1.3977  +0.1723  +0.9850  5973.4260  3765.8755  3765.8755  -0.1723  0.0000   -0.9850  0.0000  1.0000   0.0000  -0.9809  0.0917   0.1715  0.0000  -0.0000 -1.0000
1.4103  +0.1599  +0.9871  5973.4260  3765.8755  3765.8755  -0.1599  0.0000   -0.9871  0.0000  1.0000   0.0000  -0.9835  0.0855   0.1593  0.0000  -0.0000 -1.0000
1.4228  +0.1474  +0.9891  5973.4260  3765.8755  3765.8755  -0.1474  0.0000   -0.9891  0.0000  1.0000   0.0000  -0.9860  0.0792   0.1469  0.0000  0.0000 -1.0000
1.4354  +0.1349  +0.9909  5973.4260  3765.8755  3765.8755  -0.1349  0.0000   -0.9909  0.0000  1.0000   0.0000  -0.9882  0.0728   0.1346  0.0000  0.0000 -1.0000
1.4480  +0.1225  +0.9925  5973.4260  3765.8755  3765.8755  -0.1225  0.0000   -0.9925  0.0000  1.0000   0.0000  -0.9903  0.0663   0.1222  0.0000  -0.0000 -1.0000
1.4606  +0.1100  +0.9939  5973.4260  3765.8755  3765.8755  -0.1100  0.0000   -0.9939  0.0000  1.0000   0.0000  -0.9922  0.0597   0.1098  0.0000  -0.0000 -1.0000
1.4732  +0.0974  +0.9952  5973.4260  3765.8755  3765.8755  -0.0974  0.0000   -0.9952  0.0000  1.0000   0.0000  -0.9938  0.0531   0.0973  0.0000  0.0000 -1.0000
1.4858  +0.0849  +0.9964  5973.4260  3765.8755  3765.8755  -0.0849  0.0000   -0.9964  0.0000  1.0000   0.0000  -0.9953  0.0464   0.0848  0.0000  -0.0000 -1.0000
1.4984  +0.0723  +0.9974  5973.4260  3765.8755  3765.8755  -0.0723  0.0000   -0.9974  0.0000  1.0000   0.0000  -0.9966  0.0396   0.0723  0.0000  -0.0000 -1.0000
1.5110  +0.0598  +0.9982  5973.4260  3765.8755  3765.8755  -0.0598  0.0000   -0.9982  0.0000  1.0000   0.0000  -0.9978  0.0277   0.0598  0.0000  -0.0000 -1.0000
1.5236  +0.0472  +0.9989  5973.4260  3765.8755  3765.8755  -0.0472  0.0000   -0.9989  0.0000  1.0000   0.0000  -0.9985  0.0259   0.0472  0.0000  0.0000 -1.0000
1.5362  +0.0346  +0.9994  5973.4260  3765.8755  3765.8755  -0.0346  0.0000   -0.9994  0.0000  1.0000   0.0000  -0.9992  0.0190   0.0346  0.0000  0.0000 -1.0000
1.5488  +0.0220  +0.9998  5973.4260  3765.8755  3765.8755  -0.0220  0.0000   -0.9998  0.0000  1.0000   0.0000  -0.9997  -0.0103   0.0220  0.0000  0.0000 -1.0000
1.5614  +0.0094  +1.0000  5973.4260  3765.8755  3765.8755  -0.0094  0.0000   -1.0000  0.0000  1.0000   0.0000  -0.9999  0.0052   0.0094  0.0000  0.0000 -1.0000
1.5739  -0.0031  +1.0000  5973.4260  3765.8755  3765.8755  0.0031  0.0000   -1.0000  0.0000  1.0000   0.0000  -1.0000  -0.0017   -0.0031  0.0000  0.0000 -1.0000
1.5865  -0.0157  +0.9999  5973.4260  3765.8755  3765.8755  0.0157  0.0000   -0.9999  0.0000  1.0000   0.0000  -0.9998  -0.0087   -0.0157  0.0000  0.0000 -1.0000
1.5991  -0.0283  +0.9996  5973.4260  3765.8755  3765.8755  0.0283  0.0000   -0.9996  0.0000  1.0000   0.0000  -0.9995  -0.0156   -0.0283  0.0000  -0.0000 -1.0000
1.6117  -0.0409  +0.9992  5973.4260  3765.8755  3765.8755  0.0409  0.0000   -0.9992  0.0000  1.0000   0.0000  -0.9989  -0.0225   -0.0409  0.0000  0.0000 -1.0000
1.6243  -0.0535  +0.9986  5973.4260  3765.8755  3765.8755  0.0535  0.0000   -0.9986  0.0000  1.0000   0.0000  -0.9981  -0.0294   -0.0535  0.0000  -0.0000 -1.0000
1.6369  -0.0661  +0.9978  5973.4260  3765.8755  3765.8755  0.0661  0.0000   -0.9978  0.0000  1.0000   0.0000  -0.9972  -0.0362   -0.0660  0.0000  -0.0000 -1.0000
1.6495  -0.0786  +0.9969  5973.4260  3765.8755  3765.8755  0.0786  0.0000   -0.9969  0.0000  1.0000   0.0000  -0.9960  -0.0430   -0.0785  0.0000  0.0000 -1.0000
1.6621  -0.0912  +0.9958  5973.4260  3765.8755  3765.8755  0.0912  0.0000   -0.9958  0.0000  1.0000   0.0000  -0.9946  -0.0497   -0.0910  0.0000  -0.0000 -1.0000
1.6747  -0.1037  +0.9946  5973.4260  3765.8755  3765.8755  0.1037  0.0000   -0.9946  0.0000  1.0000   0.0000  -0.9930  -0.0564   -0.1035  0.0000  -0.0000 -1.0000
1.6873  -0.1162  +0.9932  5973.4260  3765.8755  3765.8755  0.1162  0.0000   -0.9932  0.0000  1.0000   0.0000  -0.9913  -0.0630   -0.1160  0.0000  0.0000 -1.0000
1.6999  -0.1287  +0.9917  5973.4260  3765.8755  3765.8755  0.1287  0.0000   -0.9917  0.0000  1.0000   0.0000  -0.9909  0.0392   -0.1286  0.0000  -0.0000 -1.0000
1.7125  -0.1412  +0.9900  5973.4260  3765.8755  3765.8755  0.1412  0.0000   -0.9900  0.0000  1.0000   0.0000  -0.9871  -0.0760   -0.1408  0.0000  -0.0000 -1.0000
1.7250  -0.1536  +0.9881  5973.4260  3765.8755  3765.8755  0.1536  0.0000   -0.9881  0.0000  1.0000   0.0000  -0.9857  -0.0697   -0.1533  0.0000  -0.0000 -1.0000
1.7376  -0.1661  +0.9861  5973.4260  3765.8755  3765.8755  0.1661  0.0000   -0.9861  0.0000  1.0000   0.0000  -0.9822  -0.0886   -0.1654  0.0000  0.0000 -1.0000
1.7502  -0.1785  +0.9839  5973.4260  3765.8755  3765.8755  0.1785  0.0000   -0.9839  0.0000  1.0000   0.0000  -0.9795  -0.0947   -0.1777  0.0000  -0.0000 -1.0000
1.7628  -0.1908  +0.9816  5973.4260  3765.8755  3765.8755  0.1908  0.0000   -0.9816  0.0000  1.0000   0.0000  -0.9766  -0.1007   -0.1899  0.0000  -0.0000 -1.0000
1.7754  -0.2032  +0.9791  5973.4260  3765.8755  3765.8755  0.2032  0.0000   -0.9791  0.0000  1.0000   0.0000  -0.9736  -0.1067   -0.2020  0.0000  0.0000 -1.0000
1.7880  -0.2155  +0.9765  5973.4260  3765.8755  3765.8755  0.2155  0.0000   -0.9765  0.0000  1.0000   0.0000  -0.9703  -0.1124   -0.2141  0.0000  0.0000 -1.0000
1.8006  -0.2278  +0.9737  5973.4260  3765.8755  3765.8755  0.2278  0.0000   -0.9737  0.0000  1.0000   0.0000  -0.9669  -0.1181   -0.2262  0.0000  0.0000 -1.0000
1.8132  -0.2400  +0.9708  5973.4260  3765.8755  3765.8755  0.2400  0.0000   -0.9708  0.0000  1.0000   0.0000  -0.9633  -0.1236   -0.2382  0.0000  0.0000 -1.0000
1.8258  -0.2522  +0.9677  5973.4260  3765.8755  3765.8755  0.2522  0.0000   -0.9677  0.0000  1.0000   0.0000  -0.9596  -0.1290   -0.2501  0.0000  0.0000 -1.0000
1.8384  -0.2644  +0.9644  5973.4260  3765.8755  3765.8755  0.2644  0.0000   -0.9644  0.0000  1.0000   0.0000  -0.9557  -0.1342   -0.2620  0.0000  0.0000 -1.0000
1.8510  -0.2765  +0.9610  5973.4260  3765.8755  3765.8755  0.2765  0.0000   -0.9610  0.0000  1.0000   0.0000  -0.9516  -0.1392   -0.2738  0.0000  0.0000 -1.0000
1.8635  -0.2886  +0.9575  5973.4260  3765.8755  3765.8755  0.2886  0.0000   -0.9575  0.0000  1.0000   0.0000  -0.9475  -0.1442   -0.2856  0.0000  0.0000 -1.0000
1.8761  -0.3006  +0.9537  5973.4260  3765.8755  3765.8755  0.3006  0.0000   -0.9537  0.0000  1.0000   0.0000  -0.9431  -0.1489   -0.2973  0.0000  0.0000 -1.0000
1.8887  -0.3126  +0.9499  5973.4260  3765.8755  3765.8755  0.3126  0.0000   -0.9499  0.0000  1.0000   0.0000  -0.9386  -0.1535   -0.3089  0.0000  0.0000 -1.0000
1.9013  -0.3245  +0.9459  5973.4260  3765.8755  3765.8755  0.3245  0.0000   -0.9459  0.0000  1.0000   0.0000  -0.9373  -0.1339   -0.3216  0.0000  -0.0000 -1.0000
1.9139  -0.3364  +0.9417  5973.4260  3765.8755  3765.8755  0.3364  0.0000   -0.9417  0.0000  1.0000   0.0000  -0.9293  -0.1621   -0.3320  0.0000  -0.0000 -1.0000
1.9265  -0.3483  +0.9374  5973.4260  3765.8755  3765.8755  0.3483  0.0000   -0.9374  0.0000  1.0000   0.0000  -0.9280  0.1410   -0.3448  0.0000  0.0000 -1.0000
1.9391  -0.3600  +0.9329  5973.4260  3765.8755  3765.8755  0.3600  0.0000   -0.9329  0.0000  1.0000   0.0000  -0.9194  -0.1700   -0.3548  0.0000  -0.0000 -1.0000
1.9517  -0.3718  +0.9283  5973.4260  3765.8755  3765.8755  0.3718  0.0000   -0.9283  0.0000  1.0000   0.0000  -0.9142  -0.1737   -0.3661  0.0000  0.0000 -1.0000
1.9643  -0.3834  +0.9236  5973.4260  3765.8755  3765.8755  0.3834  0.0000   -0.9236  0.0000  1.0000   0.0000  -0.9131  -0.1505   -0.3790  0.0000  -0.0000 -1.0000
1.9769  -0.3950  +0.9187  5973.4260  3765.8755  3765.8755  0.3950  0.0000   -0.9187  0.0000  1.0000   0.0000  -0.9036  -0.1806   -0.3885  0.0000  0.0000 -1.0000
1.9895  -0.4065  +0.9136  5973.4260  3765.8755  3765.8755  0.4065  0.0000   -0.9136  0.0000  1.0000   0.0000  -0.8981  -0.1837   -0.3996  0.0000  -0.0000 -1.0000
2.0021  -0.4180  +0.9084  5973.4260  3765.8755  3765.8755  0.4180  0.0000   -0.9084  0.0000  1.0000   0.0000  -0.8925  -0.1866   -0.4107  0.0000  0.0000 -1.0000
2.0146  -0.4294  +0.9031  5973.4260  3765.8755  3765.8755  0.4294  0.0000   -0.9031  0.0000  1.0000   0.0000  -0.8868  -0.1894   -0.4217  0.0000  0.0000 -1.0000
2.0272  -0.4408  +0.8976  5973.4260  3765.8755  3765.8755  0.4408  0.0000   -0.8976  0.0000  1.0000   0.0000  -0.8809  -0.1919   -0.4326  0.0000  0.0000 -1.0000
2.0398  -0.4520  +0.8920  5973.4260  3765.8755  3765.8755  0.4520  0.0000   -0.8920  0.0000  1.0000   0.0000  -0.8750  -0.1943   -0.4434  0.0000  -0.0000 -1.0000
2.0524  -0.4632  +0.8862  5973.4260  3765.8755  3765.8755  0.4632  0.0000   -0.8862  0.0000  1.0000   0.0000  -0.8690  -0.1964   -0.4542  0.0000  -0.0000 -1.0000
2.0650  -0.4743  +0.8803  5973.4260  3765.8755  3765.8755  0.4743  0.0000   -0.8803  0.0000  1.0000   0.0000  -0.8628  -0.1984   -0.4649  0.0000  -0.0000 -1.0000
2.0776  -0.4854  +0.8743  5973.4260  3765.8755  3765.8755  0.4854  0.0000   -0.8743  0.0000  1.0000   0.0000  -0.8566  -0.2002   -0.4756  0.0000  -0.0000 -1.0000
2.0902  -0.4964  +0.8681  5973.4260  3765.8755  3765.8755  0.4964  0.0000   -0.8681  0.0000  1.0000   0.0000  -0.8503  -0.2017   -0.4862  0.0000  -0.0000 -1.0000
2.1028  -0.5073  +0.8618  5973.4260  3765.8755  3765.8755  0.5073  0.0000   -0.8618  0.0000  1.0000   0.0000  -0.8488  0.1727   -0.4996  0.0000  -0.0000 -1.0000
2.1154  -0.5181  +0.8553  5973.4260  3765.8755  3765.8755  0.5181  0.0000   -0.8553  0.0000  1.0000   0.0000  -0.8373  -0.2043   -0.5071  0.0000  0.0000 -1.0000
2.1280  -0.5288  +0.8488  5973.4260  3765.8755  3765.8755  0.5288  0.0000   -0.8488  0.0000  1.0000   0.0000  -0.8307  -0.2053   -0.5175  0.0000  0.0000 -1.0000
2.1406  -0.5394  +0.8420  5973.4260  3765.8755  3765.8755  0.5394  0.0000   -0.8420  0.0000  1.0000   0.0000  -0.8240  -0.2061   -0.5279  0.0000  -0.0000 -1.0000
2.1532  -0.5500  +0.8352  5973.4260  3765.8755  3765.8755  0.5500  0.0000   -0.8352  0.0000  1.0000   0.0000  -0.8171  -0.2067   -0.5381  0.0000  0.0000 -1.0000
2.1657  -0.5605  +0.8282  5973.4260  3765.8755  3765.8755  0.5605  0.0000   -0.8282  0.0000  1.0000   0.0000  -0.8102  -0.2071   -0.5483  0.0000  -0.0000 -1.0000
2.1783  -0.5709  +0.8211  5973.4260  3765.8755  3765.8755  0.5709  0.0000   -0.8211  0.0000  1.0000   0.0000  -0.8032  -0.2073   -0.5585  0.0000  0.0000 -1.0000
2.1909  -0.5811  +0.8138  5973.4260  3765.8755  3765.8755  0.5811  0.0000   -0.8138  0.0000  1.0000   0.0000  -0.7961  -0.2073   -0.5685  0.0000  0.0000 -1.0000
2.2035  -0.5913  +0.8064  5973.4260  3765.8755  3765.8755  0.5913  0.0000   -0.8064  0.0000  1.0000   0.0000  -0.7889  -0.2072   -0.5785  0.0000  0.0000 -1.0000
2.2161  -0.6015  +0.7989  5973.4260  3765.8755  3765.8755  0.6015  0.0000   -0.7989  0.0000  1.0000   0.0000  -0.7865  0.1759   -0.5921  0.0000  -0.0000 -1.0000
2.2287  -0.6115  +0.7913  5973.4260  3765.8755  3765.8755  0.6115  0.0000   -0.7913  0.0000  1.0000   0.0000  -0.7743  -0.2063   -0.5983  0.0000  0.0000 -1.0000
2.2413  -0.6214  +0.7835  5973.4260  3765.8755  3765.8755  0.6214  0.0000   -0.7835  0.0000  1.0000   0.0000  -0.7668  -0.2056   -0.6081  0.0000  0.0000 -1.0000
2.2539  -0.6312  +0.7756  5973.4260  3765.8755  3765.8755  0.6312  0.0000   -0.7756  0.0000  1.0000   0.0000  -0.7592  -0.2047   -0.6178  0.0000  -0.0000 -1.0000
2.2665  -0.6409  +0.7676  5973.4260  3765.8755  3765.8755  0.6409  0.0000   -0.7676  0.0000  1.0000   0.0000  -0.7515  -0.2036   -0.6275  0.0000  0.0000 -1.0000
2.2791  -0.6505  +0.7595  5973.4260  3765.8755  3765.8755  0.6505  0.0000   -0.7595  0.0000  1.0000   0.0000  -0.7438  -0.2023   -0.6371  0.0000  0.0000 -1.0000
2.2917  -0.6600  +0.7512  5973.4260  3765.8755  3765.8755  0.6600  0.0000   -0.7512  0.0000  1.0000   0.0000  -0.7359  -0.2009   -0.6466  0.0000  0.0000 -1.0000
2.3043  -0.6694  +0.7429  5973.4260  3765.8755  3765.8755  0.6694  0.0000   -0.7429  0.0000  1.0000   0.0000  -0.7280  -0.1993   -0.6560  0.0000  -0.0000 -1.0000
2.3168  -0.6787  +0.7344  5973.4260  3765.8755  3765.8755  0.6787  0.0000   -0.7344  0.0000  1.0000   0.0000  -0.7199  -0.1976   -0.6654  0.0000  0.0000 -1.0000
2.3294  -0.6879  +0.7258  5973.4260  3765.8755  3765.8755  0.6879  0.0000   -0.7258  0.0000  1.0000   0.0000  -0.7117  -0.1957   -0.6746  0.0000  0.0000 -1.0000
2.3420  -0.6970  +0.7171  5973.4260  3765.8755  3765.8755  0.6970  0.0000   -0.7171  0.0000  1.0000   0.0000  -0.7035  -0.1936   -0.6838  0.0000  0.0000 -1.0000
2.3546  -0.7060  +0.7082  5973.4260  3765.8755  3765.8755  0.7060  0.0000   -0.7082  0.0000  1.0000   0.0000  -0.6951  -0.1914   -0.6929  0.0000  0.0000 -1.0000
2.3672  -0.7149  +0.6993  5973.4260  3765.8755  3765.8755  0.7149  0.0000   -0.6993  0.0000  1.0000   0.0000  0.6867  0.1890   0.7020  0.0000  -1.0000 -0.0000
2.3798  -0.7236  +0.6902  5973.4260  3765.8755  3765.8755  0.7236  0.0000   -0.6902  0.0000  1.0000   0.0000  0.6781  0.1865   0.7109  0.0000  -1.0000 0.0000
2.3924  -0.7322  +0.6811  5973.4260  3765.8755  3765.8755  0.7322  0.0000   -0.6811  0.0000  1.0000   0.0000  0.6727  -0.1561   0.7233  0.0000  -1.0000 0.0000
2.4050  -0.7408  +0.6718  5973.4260  3765.8755  3765.8755  0.7408  0.0000   -0.6718  0.0000  1.0000   0.0000  0.6607  0.1810   0.7285  0.0000  -1.0000 0.0000
2.4176  -0.7492  +0.6624  5973.4260  3765.8755  3765.8755  0.7492  0.0000   -0.6624  0.0000  1.0000   0.0000  0.6518  0.1781   0.7372  0.0000  -1.0000 0.0000
2.4302  -0.7574  +0.6529  5973.4260  3765.8755  3765.8755  0.7574  0.0000   -0.6529  0.0000  1.0000   0.0000  0.6428  0.1750   0.7457  0.0000  -1.0000 0.0000
2.4428  -0.7656  +0.6433  5973.4260  3765.8755  3765.8755  0.7656  0.0000   -0.6433  0.0000  1.0000   0.0000  0.6337  0.1719   0.7542  0.0000  -1.0000 -0.0000
2.4554  -0.7736  +0.6336  5973.4260  3765.8755  3765.8755  0.7736  0.0000   -0.6336  0.0000  1.0000   0.0000  0.6271  -0.1431   0.7657  0.0000  -1.0000 0.0000
2.4679  -0.7816  +0.6238  5973.4260  3765.8755  3765.8755  0.7816  0.0000   -0.6238  0.0000  1.0000   0.0000  0.6153  0.1652   0.7708  0.0000  -1.0000 0.0000
2.4805  -0.7893  +0.6140  5973.4260  3765.8755  3765.8755  0.7893  0.0000   -0.6140  0.0000  1.0000   0.0000  0.6059  0.1617   0.7790  0.0000  -1.0000 0.0000
2.4931  -0.7970  +0.6040  5973.4260  3765.8755  3765.8755  0.7970  0.0000   -0.6040  0.0000  1.0000   0.0000  0.5964  0.1581   0.7870  0.0000  -1.0000 -0.0000
2.5057  -0.8046  +0.5939  5973.4260  3765.8755  3765.8755  0.8046  0.0000   -0.5939  0.0000  1.0000   0.0000  0.5868  0.1544   0.7949  0.0000  -1.0000 -0.0000
2.5183  -0.8120  +0.5837  5973.4260  3765.8755  3765.8755  0.8120  0.0000   -0.5837  0.0000  1.0000   0.0000  0.5770  0.1506   0.8027  0.0000  -1.0000 0.0000
2.5309  -0.8193  +0.5734  5973.4260  3765.8755  3765.8755  0.8193  0.0000   -0.5734  0.0000  1.0000   0.0000  0.5690  0.1244   0.8129  0.0000  -1.0000 -0.0000
2.5435  -0.8264  +0.5631  5973.4260  3765.8755  3765.8755  0.8264  0.0000   -0.5631  0.0000  1.0000   0.0000  0.5573  0.1428   0.8179  0.0000  -1.0000 0.0000
2.5561  -0.8334  +0.5526  5973.4260  3765.8755  3765.8755  0.8334  0.0000   -0.5526  0.0000  1.0000   0.0000  0.5473  0.1388   0.8254  0.0000  -1.0000 -0.0000
2.5687  -0.8403  +0.5421  5973.4260  3765.8755  3765.8755  0.8403  0.0000   -0.5421  0.0000  1.0000   0.0000  0.5371  0.1347   0.8327  0.0000  -1.0000 0.0000
2.5813  -0.8471  +0.5315  5973.4260  3765.8755  3765.8755  0.8471  0.0000   -0.5315  0.0000  1.0000   0.0000  0.5269  0.1306   0.8398  0.0000  -1.0000 0.0000
2.5939  -0.8537  +0.5208  5973.4260  3765.8755  3765.8755  0.8537  0.0000   -0.5208  0.0000  1.0000   0.0000  0.5166  0.1265   0.8469  0.0000  -1.0000 0.0000
2.6065  -0.8602  +0.5100  5973.4260  3765.8755  3765.8755  0.8602  0.0000   -0.5100  0.0000  1.0000   0.0000  0.5061  0.1223   0.8537  0.0000  -1.0000 -0.0000
2.6190  -0.8665  +0.4991  5973.4260  3765.8755  3765.8755  0.8665  0.0000   -0.4991  0.0000  1.0000   0.0000  0.4956  0.1180   0.8605  0.0000  -1.0000 0.0000
2.6316  -0.8728  +0.4881  5973.4260  3765.8755  3765.8755  0.8728  0.0000   -0.4881  0.0000  1.0000   0.0000  0.4850  0.1138   0.8671  0.0000  -1.0000 0.0000
2.6442  -0.8788  +0.4771  5973.4260  3765.8755  3765.8755  0.8788  0.0000   -0.4771  0.0000  1.0000   0.0000  0.4742  0.1095   0.8736  0.0000  -1.0000 -0.0000
2.6568  -0.8848  +0.4660  5973.4260  3765.8755  3765.8755  0.8848  0.0000   -0.4660  0.0000  1.0000   0.0000  0.4634  0.1052   0.8799  0.0000  -1.0000 0.0000
2.6694  -0.8906  +0.4548  5973.4260  3765.8755  3765.8755  0.8906  0.0000   -0.4548  0.0000  1.0000   0.0000  0.4525  0.1009   0.8860  0.0000  -1.0000 0.0000
2.6820  -0.8962  +0.4436  5973.4260  3765.8755  3765.8755  0.8962  0.0000   -0.4436  0.0000  1.0000   0.0000  0.4415  0.0966   0.8920  0.0000  -1.0000 0.0000
2.6946  -0.9017  +0.4323  5973.4260  3765.8755  3765.8755  0.9017  0.0000   -0.4323  0.0000  1.0000   0.0000  0.4304  0.0924   0.8979  0.0000  -1.0000 -0.0000
2.7072  -0.9071  +0.4209  5973.4260  3765.8755  3765.8755  0.9071  0.0000   -0.4209  0.0000  1.0000   0.0000  0.4192  0.0881   0.9036  0.0000  -1.0000 -0.0000
2.7198  -0.9123  +0.4094  5973.4260  3765.8755  3765.8755  0.9123  0.0000   -0.4094  0.0000  1.0000   0.0000  0.4080  0.0839   0.9091  0.0000  -1.0000 -0.0000
2.7324  -0.9174  +0.3979  5973.4260  3765.8755  3765.8755  0.9174  0.0000   -0.3979  0.0000  1.0000   0.0000  0.3966  0.0797   0.9145  0.0000  -1.0000 0.0000
2.7450  -0.9224  +0.3863  5973.4260  3765.8755  3765.8755  0.9224  0.0000   -0.3863  0.0000  1.0000   0.0000  0.3852  0.0756   0.9197  0.0000  -1.0000 0.0000
2.7576  -0.9272  +0.3747  5973.4260  3765.8755  3765.8755  0.9272  0.0000   -0.3747  0.0000  1.0000   0.0000  0.3737  0.0715   0.9248  0.0000  -1.0000 0.0000
2.7701  -0.9318  +0.3630  5973.4260  3765.8755  3765.8755  0.9318  0.0000   -0.3630  0.0000  1.0000   0.0000  0.3621  0.0674   0.9297  0.0000  -1.0000 0.0000
2.7827  -0.9363  +0.3512  5973.4260  3765.8755  3765.8755  0.9363  0.0000   -0.3512  0.0000  1.0000   0.0000  0.3507  -0.0537   0.9349  0.0000  -1.0000 -0.0000
2.7953  -0.9406  +0.3394  5973.4260  3765.8755  3765.8755  0.9406  0.0000   -0.3394  0.0000  1.0000   0.0000  0.3388  0.0596   0.9390  0.0000  -1.0000 0.0000
2.8079  -0.9448  +0.3275  5973.4260  3765.8755  3765.8755  0.9448  0.0000   -0.3275  0.0000  1.0000   0.0000  0.3270  0.0557   0.9434  0.0000  -1.0000 -0.0000
2.8205  -0.9489  +0.3156  5973.4260  3765.8755  3765.8755  0.9489  0.0000   -0.3156  0.0000  1.0000   0.0000  0.3152  0.0520   0.9476  0.0000  -1.0000 0.0000
2.8331  -0.9528  +0.3036  5973.4260  3765.8755  3765.8755  0.9528  0.0000   -0.3036  0.0000  1.0000   0.0000  0.3033  0.0483   0.9517  0.0000  -1.0000 0.0000
2.8457  -0.9565  +0.2916  5973.4260  3765.8755  3765.8755  0.9565  0.0000   -0.2916  0.0000  1.0000   0.0000  0.2913  0.0447   0.9556  0.0000  -1.0000 -0.0000
2.8583  -0.9601  +0.2795  5973.4260  3765.8755  3765.8755  0.9601  0.0000   -0.2795  0.0000  1.0000   0.0000  0.2793  0.0413   0.9593  0.0000  -1.0000 -0.0000
2.8709  -0.9636  +0.2674  5973.4260  3765.8755  3765.8755  0.9636  0.0000   -0.2674  0.0000  1.0000   0.0000  0.2672  0.0379   0.9629  0.0000  -1.0000 0.0000
2.8835  -0.9669  +0.2553  5973.4260  3765.8755  3765.8755  0.9669  0.0000   -0.2553  0.0000  1.0000   0.0000  0.2551  0.0347   0.9663  0.0000  -1.0000 -0.0000
2.8961  -0.9700  +0.2431  5973.4260  3765.8755  3765.8755  0.9700  0.0000   -0.2431  0.0000  1.0000   0.0000  0.2430  0.0315   0.9695  0.0000  -1.0000 0.0000
2.9086  -0.9730  +0.2308  5973.4260  3765.8755  3765.8755  0.9730  0.0000   -0.2308  0.0000  1.0000   0.0000  0.2307  0.0285   0.9726  0.0000  -1.0000 0.0000
2.9212  -0.9758  +0.2186  5973.4260  3765.8755  3765.8755  0.9758  0.0000   -0.2186  0.0000  1.0000   0.0000  0.2185  0.0257   0.9755  0.0000  -1.0000 0.0000
2.9338  -0.9785  +0.2063  5973.4260  3765.8755  3765.8755  0.9785  0.0000   -0.2063  0.0000  1.0000   0.0000  0.2062  0.0229   0.9782  0.0000  -1.0000 -0.0000
2.9464  -0.9810  +0.1939  5973.4260  3765.8755  3765.8755  0.9810  0.0000   -0.1939  0.0000  1.0000   0.0000  0.1939  0.0203   0.9808  0.0000  -1.0000 -0.0000
2.9590  -0.9834  +0.1816  5973.4260  3765.8755  3765.8755  0.9834  0.0000   -0.1816  0.0000  1.0000   0.0000  0.1815  0.0178   0.9832  0.0000  -1.0000 -0.0000
2.9716  -0.9856  +0.1692  5973.4260  3765.8755  3765.8755  0.9856  0.0000   -0.1692  0.0000  1.0000   0.0000  0.1691  0.0155   0.9855  0.0000  -1.0000 0.0000
2.9842  -0.9876  +0.1567  5973.4260  3765.8755  3765.8755  0.9876  0.0000   -0.1567  0.0000  1.0000   0.0000  0.1567  0.0134   0.9876  0.0000  -1.0000 0.0000
2.9968  -0.9895  +0.1443  5973.4260  3765.8755  3765.8755  0.9895  0.0000   -0.1443  0.0000  1.0000   0.0000  0.1443  0.0113   0.9895  0.0000  -1.0000 0.0000
3.0094  -0.9913  +0.1318  5973.4260  3765.8755  3765.8755  0.9913  0.0000   -0.1318  0.0000  1.0000   0.0000  0.1318  0.0095   0.9912  0.0000  -1.0000 0.0000
3.0220  -0.9929  +0.1193  5973.4260  3765.8755  3765.8755  0.9929  0.0000   -0.1193  0.0000  1.0000   0.0000  0.1193  0.0078   0.9928  0.0000  -1.0000 0.0000
3.0346  -0.9943  +0.1068  5973.4260  3765.8755  3765.8755  0.9943  0.0000   -0.1068  0.0000  1.0000   0.0000  0.1068  0.0062   0.9943  0.0000  -1.0000 -0.0000
3.0472  -0.9955  +0.0943  5973.4260  3765.8755  3765.8755  0.9955  0.0000   -0.0943  0.0000  1.0000   0.0000  0.0943  0.0049   0.9955  0.0000  -1.0000 0.0000
3.0597  -0.9967  +0.0818  5973.4260  3765.8755  3765.8755  0.9967  0.0000   -0.0818  0.0000  1.0000   0.0000  0.0818  0.0037   0.9966  0.0000  -1.0000 0.0000
3.0723  -0.9976  +0.0692  5973.4260  3765.8755  3765.8755  0.9976  0.0000   -0.0692  0.0000  1.0000   0.0000  0.0692  0.0026   0.9976  0.0000  -1.0000 0.0000
3.0849  -0.9984  +0.0566  5973.4260  3765.8755  3765.8755  0.9984  0.0000   -0.0566  0.0000  1.0000   0.0000  0.0566  0.0018   0.9984  0.0000  -1.0000 0.0000
3.0975  -0.9990  +0.0441  5973.4260  3765.8755  3765.8755  0.9990  0.0000   -0.0441  0.0000  1.0000   0.0000  0.0441  0.0011   0.9990  0.0000  -1.0000 0.0000
3.1101  -0.9995  +0.0315  5973.4260  3765.8755  3765.8755  0.9995  0.0000   -0.0315  0.0000  1.0000   0.0000  0.0315  0.0005   0.9995  0.0000  -1.0000 0.0000
3.1227  -0.9998  +0.0189  5973.4260  3765.8755  3765.8755  0.9998  0.0000   -0.0189  0.0000  1.0000   0.0000  0.0189  0.0002   0.9998  0.0000  -1.0000 0.0000
3.1353  -1.0000  +0.0063  5973.4260  3765.8755  3765.8755  1.0000  0.0000   -0.0063  0.0000  1.0000   0.0000  0.0063  0.0000   1.0000  0.0000  -1.0000 -0.0000
3.1479  -1.0000  -0.0063  5973.4260  3765.8755  3765.8755  1.0000  -0.0000   0.0063  0.0000  1.0000   0.0000  -0.0063  0.0000   1.0000  0.0000  -1.0000 0.0000
3.1605  -0.9998  -0.0189  5973.4260  3765.8755  3765.8755  0.9998  -0.0000   0.0189  0.0000  1.0000   0.0000  -0.0189  0.0002   0.9998  0.0000  -1.0000 0.0000
3.1731  -0.9995  -0.0315  5973.4260  3765.8755  3765.8755  0.9995  -0.0000   0.0315  0.0000  1.0000   0.0000  -0.0315  0.0005   0.9995  0.0000  -1.0000 -0.0000
3.1857  -0.9990  -0.0441  5973.4260  3765.8755  3765.8755  0.9990  -0.0000   0.0441  0.0000  1.0000   0.0000  -0.0441  0.0011   0.9990  0.0000  -1.0000 -0.0000
3.1983  -0.9984  -0.0566  5973.4260  3765.8755  3765.8755  0.9984  -0.0000   0.0566  0.0000  1.0000   0.0000  -0.0566  0.0018   0.9984  0.0000  -1.0000 0.0000
3.2108  -0.9976  -0.0692  5973.4260  3765.8755  3765.8755  0.9976  -0.0000   0.0692  0.0000  1.0000   0.0000  -0.0692  0.0026   0.9976  0.0000  -1.0000 0.0000
3.2234  -0.9967  -0.0818  5973.4260  3765.8755  3765.8755  0.9967  -0.0000   0.0818  0.0000  1.0000   0.0000  -0.0818  0.0037   0.9966  0.0000  -1.0000 0.0000
3.2360  -0.9955  -0.0943  5973.4260  3765.8755  3765.8755  0.9955  -0.0000   0.0943  0.0000  1.0000   0.0000  -0.0943  0.0049   0.9955  0.0000  -1.0000 0.0000
3.2486  -0.9943  -0.1068  5973.4260  3765.8755  3765.8755  0.9943  -0.0000   0.1068  0.0000  1.0000   0.0000  -0.1068  0.0062   0.9943  0.0000  -1.0000 0.0000
3.2612  -0.9929  -0.1193  5973.4260  3765.8755  3765.8755  0.9929  -0.0000   0.1193  0.0000  1.0000   0.0000  -0.1193  0.0078   0.9928  0.0000  -1.0000 0.0000
3.2738  -0.9913  -0.1318  5973.4260  3765.8755  3765.8755  0.9913  -0.0000   0.1318  0.0000  1.0000   0.0000  -0.1318  0.0095   0.9912  0.0000  -1.0000 -0.0000
3.2864  -0.9895  -0.1443  5973.4260  3765.8755  3765.8755  0.9895  -0.0000   0.1443  0.0000  1.0000   0.0000  -0.1443  0.0113   0.9895  0.0000  -1.0000 -0.0000
3.2990  -0.9876  -0.1567  5973.4260  3765.8755  3765.8755  0.9876  -0.0000   0.1567  0.0000  1.0000   0.0000  -0.1567  0.0134   0.9876  0.0000  -1.0000 -0.0000
3.3116  -0.9856  -0.1692  5973.4260  3765.8755  3765.8755  0.9856  -0.0000   0.1692  0.0000  1.0000   0.0000  -0.1691  0.0155   0.9855  0.0000  -1.0000 0.0000
3.3242  -0.9834  -0.1816  5973.4260  3765.8755  3765.8755  0.9834  -0.0000   0.1816  0.0000  1.0000   0.0000  -0.1815  0.0178   0.9832  0.0000  -1.0000 0.0000
3.3368  -0.9810  -0.1939  5973.4260  3765.8755  3765.8755  0.9810  -0.0000   0.1939  0.0000  1.0000   0.0000  -0.1939  0.0203   0.9808  0.0000  -1.0000 0.0000
3.3494  -0.9785  -0.2063  5973.4260  3765.8755  3765.8755  0.9785  -0.0000   0.2063  0.0000  1.0000   0.0000  -0.2062  0.0229   0.9782  0.0000  -1.0000 0.0000
3.3619  -0.9758  -0.2186  5973.4260  3765.8755  3765.8755  0.9758  -0.0000   0.2186  0.0000  1.0000   0.0000  -0.2185  0.0257   0.9755  0.0000  -1.0000 0.0000
3.3745  -0.9730  -0.2308  5973.4260  3765.8755  3765.8755  0.9730  -0.0000   0.2308  0.0000  1.0000   0.0000  -0.2307  0.0285   0.9726  0.0000  -1.0000 0.0000
3.3871  -0.9700  -0.2431  5973.4260  3765.8755  3765.8755  0.9700  -0.0000   0.2431  0.0000  1.0000   0.0000  -0.2430  0.0315   0.9695  0.0000  -1.0000 0.0000
3.3997  -0.9669  -0.2553  5973.4260  3765.8755  3765.8755  0.9669  -0.0000   0.2553  0.0000  1.0000   0.0000  -0.2551  0.0347   0.9663  0.0000  -1.0000 0.0000
3.4123  -0.9636  -0.2674  5973.4260  3765.8755  3765.8755  0.9636  -0.0000   0.2674  0.0000  1.0000   0.0000  -0.2672  0.0379   0.9629  0.0000  -1.0000 0.0000
3.4249  -0.9601  -0.2795  5973.4260  3765.8755  3765.8755  0.9601  -0.0000   0.2795  0.0000  1.0000   0.0000  -0.2793  0.0413   0.9593  0.0000  -1.0000 -0.0000
3.4375  -0.9565  -0.2916  5973.4260  3765.8755  3765.8755  0.9565  -0.0000   0.2916  0.0000  1.0000   0.0000  -0.2913  0.0447   0.9556  0.0000  -1.0000 -0.0000
3.4501  -0.9528  -0.3036  5973.4260  3765.8755  3765.8755  0.9528  -0.0000   0.3036  0.0000  1.0000   0.0000  -0.3033  0.0483   0.9517  0.0000  -1.0000 0.0000
3.4627  -0.9489  -0.3156  5973.4260  3765.8755  3765.8755  0.9489  -0.0000   0.3156  0.0000  1.0000   0.0000  -0.3152  0.0520   0.9476  0.0000  -1.0000 0.0000
3.4753  -0.9448  -0.3275  5973.4260  3765.8755  3765.8755  0.9448  -0.0000   0.3275  0.0000  1.0000   0.0000  -0.3270  0.0557   0.9434  0.0000  -1.0000 0.0000
3.4879  -0.9406  -0.3394  5973.4260  3765.8755  3765.8755  0.9406  -0.0000   0.3394  0.0000  1.0000   0.0000  -0.3388  0.0596   0.9390  0.0000  -1.0000 0.0000
3.5005  -0.9363  -0.3512  5973.4260  3765.8755  3765.8755  0.9363  -0.0000   0.3512  0.0000  1.0000   0.0000  -0.3505  0.0635   0.9344  0.0000  -1.0000 0.0000
3.5130  -0.9318  -0.3630  5973.4260  3765.8755  3765.8755  0.9318  -0.0000   0.3630  0.0000  1.0000   0.0000  -0.3621  0.0674   0.9297  0.0000  -1.0000 0.0000
3.5256  -0.9272  -0.3747  5973.4260  3765.8755  3765.8755  0.9272  -0.0000   0.3747  0.0000  1.0000   0.0000  -0.3737  0.0715   0.9248  0.0000  -1.0000 -0.0000
3.5382  -0.9224  -0.3863  5973.4260  3765.8755  3765.8755  0.9224  -0.0000   0.3863  0.0000  1.0000   0.0000  -0.3852  0.0756   0.9197  0.0000  -1.0000 -0.0000
3.5508  -0.9174  -0.3979  5973.4260  3765.8755  3765.8755  0.9174  -0.0000   0.3979  0.0000  1.0000   0.0000  -0.3966  0.0797   0.9145  0.0000  -1.0000 0.0000
3.5634  -0.9123  -0.4094  5973.4260  3765.8755  3765.8755  0.9123  -0.0000   0.4094  0.0000  1.0000   0.0000  -0.4080  0.0839   0.9091  0.0000  -1.0000 0.0000
3.5760  -0.9071  -0.4209  5973.4260  3765.8755  3765.8755  0.9071  -0.0000   0.4209  0.0000  1.0000   0.0000  -0.4192  0.0881   0.9036  0.0000  -1.0000 0.0000
3.5886  -0.9017  -0.4323  5973.4260  3765.8755  3765.8755  0.9017  -0.0000   0.4323  0.0000  1.0000   0.0000  -0.4304  0.0924   0.8979  0.0000  -1.0000 0.0000
3.6012  -0.8962  -0.4436  5973.4260  3765.8755  3765.8755  0.8962  -0.0000   0.4436  0.0000  1.0000   0.0000  -0.4415  0.0966   0.8920  0.0000  -1.0000 -0.0000
3.6138  -0.8906  -0.4548  5973.4260  3765.8755  3765.8755  0.8906  -0.0000   0.4548  0.0000  1.0000   0.0000  -0.4525  0.1009   0.8860  0.0000  -1.0000 0.0000
3.6264  -0.8848  -0.4660  5973.4260  3765.8755  3765.8755  0.8848  -0.0000   0.4660  0.0000  1.0000   0.0000  -0.4642  -0.0891   0.8813  0.0000  -1.0000 -0.0000
3.6390  -0.8788  -0.4771  5973.4260  3765.8755  3765.8755  0.8788  -0.0000   0.4771  0.0000  1.0000   0.0000  -0.4742  0.1095   0.8736  0.0000  -1.0000 0.0000
3.6516  -0.8728  -0.4881  5973.4260  3765.8755  3765.8755  0.8728  -0.0000   0.4881  0.0000  1.0000   0.0000  -0.4850  0.1138   0.8671  0.0000  -1.0000 0.0000
3.6641  -0.8665  -0.4991  5973.4260  3765.8755  3765.8755  0.8665  -0.0000   0.4991  0.0000  1.0000   0.0000  -0.4956  0.1180   0.8605  0.0000  -1.0000 0.0000
3.6767  -0.8602  -0.5100  5973.4260  3765.8755  3765.8755  0.8602  -0.0000   0.5100  0.0000  1.0000   0.0000  -0.5061  0.1223   0.8537  0.0000  -1.0000 0.0000
3.6893  -0.8537  -0.5208  5973.4260  3765.8755  3765.8755  0.8537  -0.0000   0.5208  0.0000  1.0000   0.0000  -0.5166  0.1265   0.8469  0.0000  -1.0000 0.0000
3.7019  -0.8471  -0.5315  5973.4260  3765.8755  3765.8755  0.8471  -0.0000   0.5315  0.0000  1.0000   0.0000  -0.5269  0.1306   0.8398  0.0000  -1.0000 0.0000
3.7145  -0.8403  -0.5421  5973.4260  3765.8755  3765.8755  0.8403  -0.0000   0.5421  0.0000  1.0000   0.0000  -0.5371  0.1347   0.8327  0.0000  -1.0000 0.0000
3.7271  -0.8334  -0.5526  5973.4260  3765.8755  3765.8755  0.8334  -0.0000   0.5526  0.0000  1.0000   0.0000  -0.5473  0.1388   0.8254  0.0000  -1.0000 -0.0000
3.7397  -0.8264  -0.5631  5973.4260  3765.8755  3765.8755  0.8264  -0.0000   0.5631  0.0000  1.0000   0.0000  -0.5573  0.1428   0.8179  0.0000  -1.0000 -0.0000
3.7523  -0.8193  -0.5734  5973.4260  3765.8755  3765.8755  0.8193  -0.0000   0.5734  0.0000  1.0000   0.0000  -0.5672  0.1467   0.8104  0.0000  -1.0000 -0.0000
3.7649  -0.8120  -0.5837  5973.4260  3765.8755  3765.8755  0.8120  -0.0000   0.5837  0.0000  1.0000   0.0000  -0.5770  0.1506   0.8027  0.0000  -1.0000 0.0000
3.7775  -0.8046  -0.5939  5973.4260  3765.8755  3765.8755  0.8046  -0.0000   0.5939  0.0000  1.0000   0.0000  -0.5888  -0.1309   0.7976  0.0000  -1.0000 0.0000
3.7901  -0.7970  -0.6040  5973.4260  3765.8755  3765.8755  0.7970  -0.0000   0.6040  0.0000  1.0000   0.0000  -0.5964  0.1581   0.7870  0.0000  -1.0000 0.0000
3.8026  -0.7893  -0.6140  5973.4260  3765.8755  3765.8755  0.7893  -0.0000   0.6140  0.0000  1.0000   0.0000  -0.6059  0.1617   0.7790  0.0000  -1.0000 0.0000
3.8152  -0.7816  -0.6238  5973.4260  3765.8755  3765.8755  0.7816  -0.0000   0.6238  0.0000  1.0000   0.0000  -0.6153  0.1652   0.7708  0.0000  -1.0000 0.0000
3.8278  -0.7736  -0.6336  5973.4260  3765.8755  3765.8755  0.7736  -0.0000   0.6336  0.0000  1.0000   0.0000  -0.6246  0.1686   0.7626  0.0000  -1.0000 0.0000
3.8404  -0.7656  -0.6433  5973.4260  3765.8755  3765.8755  0.7656  -0.0000   0.6433  0.0000  1.0000   0.0000  -0.6337  0.1719   0.7542  0.0000  -1.0000 -0.0000
3.8530  -0.7574  -0.6529  5973.4260  3765.8755  3765.8755  0.7574  -0.0000   0.6529  0.0000  1.0000   0.0000  -0.6428  0.1750   0.7457  0.0000  -1.0000 -0.0000
3.8656  -0.7492  -0.6624  5973.4260  3765.8755  3765.8755  0.7492  -0.0000   0.6624  0.0000  1.0000   0.0000  -0.6518  0.1781   0.7372  0.0000  -1.0000 -0.0000
3.8782  -0.7408  -0.6718  5973.4260  3765.8755  3765.8755  0.7408  -0.0000   0.6718  0.0000  1.0000   0.0000  -0.6607  0.1810   0.7285  0.0000  -1.0000 0.0000
3.8908  -0.7322  -0.6811  5973.4260  3765.8755  3765.8755  0.7322  -0.0000   0.6811  0.0000  1.0000   0.0000  -0.6694  0.1838   0.7198  0.0000  -1.0000 -0.0000
3.9034  -0.7236  -0.6902  5973.4260  3765.8755  3765.8755  0.7236  -0.0000   0.6902  0.0000  1.0000   0.0000  -0.6781  0.1865   0.7109  0.0000  -1.0000 0.0000
3.9160  -0.7149  -0.6993  5973.4260  3765.8755  3765.8755  0.7149  -0.0000   0.6993  0.0000  1.0000   0.0000  -0.6902  -0.1606   0.7056  0.0000  -1.0000 0.0000
3.9286  -0.7060  -0.7082  5973.4260  3765.8755  3765.8755  -0.7060  0.0000   -0.7082  0.0000  1.0000   0.0000  -0.6951  0.1914   0.6929  0.0000  -0.0000 1.0000
3.9412  -0.6970  -0.7171  5973.4260  3765.8755  3765.8755  -0.6970  0.0000   -0.7171  0.0000  1.0000   0.0000  -0.7035  0.1936   0.6838  0.0000  0.0000 1.0000
3.9537  -0.6879  -0.7258  5973.4260  3765.8755  3765.8755  -0.6879  0.0000   -0.7258  0.0000  1.0000   0.0000  -0.7117  0.1957   0.6746  0.0000  0.0000 1.0000
3.9663  -0.6787  -0.7344  5973.4260  3765.8755  3765.8755  -0.6787  0.0000   -0.7344  0.0000  1.0000   0.0000  -0.7199  0.1976   0.6654  0.0000  -0.0000 1.0000
3.9789  -0.6694  -0.7429  5973.4260  3765.8755  3765.8755  -0.6694  0.0000   -0.7429  0.0000  1.0000   0.0000  -0.7280  0.1993   0.6560  0.0000  0.0000 1.0000
3.9915  -0.6600  -0.7512  5973.4260  3765.8755  3765.8755  -0.6600  0.0000   -0.7512  0.0000  1.0000   0.0000  -0.7359  0.2009   0.6466  0.0000  0.0000 1.0000
4.0041  -0.6505  -0.7595  5973.4260  3765.8755  3765.8755  -0.6505  0.0000   -0.7595  0.0000  1.0000   0.0000  -0.7438  0.2023   0.6371  0.0000  -0.0000 1.0000
4.0167  -0.6409  -0.7676  5973.4260  3765.8755  3765.8755  -0.6409  0.0000   -0.7676  0.0000  1.0000   0.0000  -0.7515  0.2036   0.6275  0.0000  0.0000 1.0000
4.0293  -0.6312  -0.7756  5973.4260  3765.8755  3765.8755  -0.6312  0.0000   -0.7756  0.0000  1.0000   0.0000  -0.7592  0.2047   0.6178  0.0000  -0.0000 1.0000
4.0419  -0.6214  -0.7835  5973.4260  3765.8755  3765.8755  -0.6214  0.0000   -0.7835  0.0000  1.0000   0.0000  -0.7668  0.2056   0.6081  0.0000  0.0000 1.0000
4.0545  -0.6115  -0.7913  5973.4260  3765.8755  3765.8755  -0.6115  0.0000   -0.7913  0.0000  1.0000   0.0000  -0.7790  0.1754   0.6020  0.0000  0.0000 1.0000
4.0671  -0.6015  -0.7989  5973.4260  3765.8755  3765.8755  -0.6015  0.0000   -0.7989  0.0000  1.0000   0.0000  -0.7865  -0.1759   0.5921  0.0000  0.0000 1.0000
4.0797  -0.5913  -0.8064  5973.4260  3765.8755  3765.8755  -0.5913  0.0000   -0.8064  0.0000  1.0000   0.0000  -0.7889  0.2072   0.5785  0.0000  0.0000 1.0000
4.0923  -0.5811  -0.8138  5973.4260  3765.8755  3765.8755  -0.5811  0.0000   -0.8138  0.0000  1.0000   0.0000  -0.8010  -0.1763   0.5720  0.0000  -0.0000 1.0000
4.1048  -0.5709  -0.8211  5973.4260  3765.8755  3765.8755  -0.5709  0.0000   -0.8211  0.0000  1.0000   0.0000  -0.8032  0.2073   0.5585  0.0000  -0.0000 1.0000
4.1174  -0.5605  -0.8282  5973.4260  3765.8755  3765.8755  -0.5605  0.0000   -0.8282  0.0000  1.0000   0.0000  -0.8102  0.2071   0.5483  0.0000  0.0000 1.0000
4.1300  -0.5500  -0.8352  5973.4260  3765.8755  3765.8755  -0.5500  0.0000   -0.8352  0.0000  1.0000   0.0000  -0.8171  0.2067   0.5381  0.0000  0.0000 1.0000
4.1426  -0.5394  -0.8420  5973.4260  3765.8755  3765.8755  -0.5394  0.0000   -0.8420  0.0000  1.0000   0.0000  -0.8240  0.2061   0.5279  0.0000  0.0000 1.0000
4.1552  -0.5288  -0.8488  5973.4260  3765.8755  3765.8755  -0.5288  0.0000   -0.8488  0.0000  1.0000   0.0000  -0.8307  0.2053   0.5175  0.0000  0.0000 1.0000
4.1678  -0.5181  -0.8553  5973.4260  3765.8755  3765.8755  -0.5181  0.0000   -0.8553  0.0000  1.0000   0.0000  -0.8373  0.2043   0.5071  0.0000  -0.0000 1.0000
4.1804  -0.5073  -0.8618  5973.4260  3765.8755  3765.8755  -0.5073  0.0000   -0.8618  0.0000  1.0000   0.0000  -0.8438  0.2031   0.4967  0.0000  -0.0000 1.0000
4.1930  -0.4964  -0.8681  5973.4260  3765.8755  3765.8755  -0.4964  0.0000   -0.8681  0.0000  1.0000   0.0000  -0.8503  0.2017   0.4862  0.0000  0.0000 1.0000
4.2056  -0.4854  -0.8743  5973.4260  3765.8755  3765.8755  -0.4854  0.0000   -0.8743  0.0000  1.0000   0.0000  -0.8566  0.2002   0.4756  0.0000  -0.0000 1.0000
4.2182  -0.4743  -0.8803  5973.4260  3765.8755  3765.8755  -0.4743  0.0000   -0.8803  0.0000  1.0000   0.0000  -0.8628  0.1984   0.4649  0.0000  0.0000 1.0000
4.2308  -0.4632  -0.8862  5973.4260  3765.8755  3765.8755  -0.4632  0.0000   -0.8862  0.0000  1.0000   0.0000  -0.8690  0.1964   0.4542  0.0000  -0.0000 1.0000
4.2434  -0.4520  -0.8920  5973.4260  3765.8755  3765.8755  -0.4520  0.0000   -0.8920  0.0000  1.0000   0.0000  -0.8750  0.1943   0.4434  0.0000  -0.0000 1.0000
4.2559  -0.4408  -0.8976  5973.4260  3765.8755  3765.8755  -0.4408  0.0000   -0.8976  0.0000  1.0000   0.0000  -0.8809  0.1919   0.4326  0.0000  0.0000 1.0000
4.2685  -0.4294  -0.9031  5973.4260  3765.8755  3765.8755  -0.4294  0.0000   -0.9031  0.0000  1.0000   0.0000  -0.8868  0.1894   0.4217  0.0000  0.0000 1.0000
4.2811  -0.4180  -0.9084  5973.4260  3765.8755  3765.8755  -0.4180  0.0000   -0.9084  0.0000  1.0000   0.0000  -0.8925  0.1866   0.4107  0.0000  0.0000 1.0000
4.2937  -0.4065  -0.9136  5973.4260  3765.8755  3765.8755  -0.4065  0.0000   -0.9136  0.0000  1.0000   0.0000  -0.8981  0.1837   0.3996  0.0000  -0.0000 1.0000
4.3063  -0.3950  -0.9187  5973.4260  3765.8755  3765.8755  -0.3950  0.0000   -0.9187  0.0000  1.0000   0.0000  -0.9036  0.1806   0.3885  0.0000  -0.0000 1.0000
4.3189  -0.3834  -0.9236  5973.4260  3765.8755  3765.8755  -0.3834  0.0000   -0.9236  0.0000  1.0000   0.0000  -0.9131  -0.1505   0.3790  0.0000  -0.0000 1.0000
4.3315  -0.3718  -0.9283  5973.4260  3765.8755  3765.8755  -0.3718  0.0000   -0.9283  0.0000  1.0000   0.0000  -0.9142  0.1737   0.3661  0.0000  0.0000 1.0000
4.3441  -0.3600  -0.9329  5973.4260  3765.8755  3765.8755  -0.3600  0.0000   -0.9329  0.0000  1.0000   0.0000  -0.9194  0.1700   0.3548  0.0000  -0.0000 1.0000
4.3567  -0.3483  -0.9374  5973.4260  3765.8755  3765.8755  -0.3483  0.0000   -0.9374  0.0000  1.0000   0.0000  -0.9244  0.1662   0.3434  0.0000  0.0000 1.0000
4.3693  -0.3364  -0.9417  5973.4260  3765.8755  3765.8755  -0.3364  0.0000   -0.9417  0.0000  1.0000   0.0000  -0.9328  0.1375   0.3332  0.0000  0.0000 1.0000
4.3819  -0.3245  -0.9459  5973.4260  3765.8755  3765.8755  -0.3245  0.0000   -0.9459  0.0000  1.0000   0.0000  -0.9340  0.1579   0.3205  0.0000  0.0000 1.0000
4.3945  -0.3126  -0.9499  5973.4260  3765.8755  3765.8755  -0.3126  0.0000   -0.9499  0.0000  1.0000   0.0000  -0.9386  0.1535   0.3089  0.0000  -0.0000 1.0000
4.4070  -0.3006  -0.9537  5973.4260  3765.8755  3765.8755  -0.3006  0.0000   -0.9537  0.0000  1.0000   0.0000  -0.9431  0.1489   0.2973  0.0000  0.0000 1.0000
4.4196  -0.2886  -0.9575  5973.4260  3765.8755  3765.8755  -0.2886  0.0000   -0.9575  0.0000  1.0000   0.0000  -0.9475  0.1442   0.2856  0.0000  0.0000 1.0000
4.4322  -0.2765  -0.9610  5973.4260  3765.8755  3765.8755  -0.2765  0.0000   -0.9610  0.0000  1.0000   0.0000  -0.9543  0.1180   0.2746  0.0000  -0.0000 1.0000
4.4448  -0.2644  -0.9644  5973.4260  3765.8755  3765.8755  -0.2644  0.0000   -0.9644  0.0000  1.0000   0.0000  -0.9557  0.1342   0.2620  0.0000  0.0000 1.0000
4.4574  -0.2522  -0.9677  5973.4260  3765.8755  3765.8755  -0.2522  0.0000   -0.9677  0.0000  1.0000   0.0000  -0.9596  0.1290   0.2501  0.0000  -0.0000 1.0000
4.4700  -0.2400  -0.9708  5973.4260  3765.8755  3765.8755  -0.2400  0.0000   -0.9708  0.0000  1.0000   0.0000  -0.9633  0.1236   0.2382  0.0000  -0.0000 1.0000
4.4826  -0.2278  -0.9737  5973.4260  3765.8755  3765.8755  -0.2278  0.0000   -0.9737  0.0000  1.0000   0.0000  -0.9688  -0.1000   0.2266  0.0000  -0.0000 1.0000
4.4952  -0.2155  -0.9765  5973.4260  3765.8755  3765.8755  -0.2155  0.0000   -0.9765  0.0000  1.0000   0.0000  -0.9703  0.1124   0.2141  0.0000  0.0000 1.0000
4.5078  -0.2032  -0.9791  5973.4260  3765.8755  3765.8755  -0.2032  0.0000   -0.9791  0.0000  1.0000   0.0000  -0.9736  0.1067   0.2020  0.0000  0.0000 1.0000
4.5204  -0.1908  -0.9816  5973.4260  3765.8755  3765.8755  -0.1908  0.0000   -0.9816  0.0000  1.0000   0.0000  -0.9766  0.1007   0.1899  0.0000  -0.0000 1.0000
4.5330  -0.1785  -0.9839  5973.4260  3765.8755  3765.8755  -0.1785  0.0000   -0.9839  0.0000  1.0000   0.0000  -0.9795  0.0947   0.1777  0.0000  0.0000 1.0000
4.5456  -0.1661  -0.9861  5973.4260  3765.8755  3765.8755  -0.1661  0.0000   -0.9861  0.0000  1.0000   0.0000  -0.9822  0.0886   0.1654  0.0000  0.0000 1.0000
4.5581  -0.1536  -0.9881  5973.4260  3765.8755  3765.8755  -0.1536  0.0000   -0.9881  0.0000  1.0000   0.0000  -0.9857  -0.0697   0.1533  0.0000  -0.0000 1.0000
4.5707  -0.1412  -0.9900  5973.4260  3765.8755  3765.8755  -0.1412  0.0000   -0.9900  0.0000  1.0000   0.0000  -0.9871  0.0760   0.1408  0.0000  0.0000 1.0000
4.5833  -0.1287  -0.9917  5973.4260  3765.8755  3765.8755  -0.1287  0.0000   -0.9917  0.0000  1.0000   0.0000  -0.9893  0.0695   0.1284  0.0000  0.0000 1.0000
4.5959  -0.1162  -0.9932  5973.4260  3765.8755  3765.8755  -0.1162  0.0000   -0.9932  0.0000  1.0000   0.0000  -0.9913  0.0630   0.1160  0.0000  -0.0000 1.0000
4.6085  -0.1037  -0.9946  5973.4260  3765.8755  3765.8755  -0.1037  0.0000   -0.9946  0.0000  1.0000   0.0000  -0.9930  0.0564   0.1035  0.0000  -0.0000 1.0000
4.6211  -0.0912  -0.9958  5973.4260  3765.8755  3765.8755  -0.0912  0.0000   -0.9958  0.0000  1.0000   0.0000  -0.9946  0.0497   0.0910  0.0000  -0.0000 1.0000
4.6337  -0.0786  -0.9969  5973.4260  3765.8755  3765.8755  -0.0786  0.0000   -0.9969  0.0000  1.0000   0.0000  -0.9960  0.0430   0.0785  0.0000  0.0000 1.0000
4.6463  -0.0661  -0.9978  5973.4260  3765.8755  3765.8755  -0.0661  0.0000   -0.9978  0.0000  1.0000   0.0000  -0.9972  0.0362   0.0660  0.0000  -0.0000 1.0000
4.6589  -0.0535  -0.9986  5973.4260  3765.8755  3765.8755  -0.0535  0.0000   -0.9986  0.0000  1.0000   0.0000  -0.9981  0.0294   0.0535  0.0000  -0.0000 1.0000
4.6715  -0.0409  -0.9992  5973.4260  3765.8755  3765.8755  -0.0409  0.0000   -0.9992  0.0000  1.0000   0.0000  -0.9989  0.0225   0.0409  0.0000  0.0000 1.0000
4.6841  -0.0283  -0.9996  5973.4260  3765.8755  3765.8755  -0.0283  0.0000   -0.9996  0.0000  1.0000   0.0000  -0.9995  0.0156   0.0283  0.0000  -0.0000 1.0000
4.6966  -0.0157  -0.9999  5973.4260  3765.8755  3765.8755  -0.0157  0.0000   -0.9999  0.0000  1.0000   0.0000  -0.9998  0.0087   0.0157  0.0000  0.0000 1.0000
4.7092  -0.0031  -1.0000  5973.4260  3765.8755  3765.8755  -0.0031  0.0000   -1.0000  0.0000  1.0000   0.0000  -1.0000  0.0017   0.0031  0.0000  0.0000 1.0000
4.7218  +0.0094  -1.0000  5973.4260  3765.8755  3765.8755  0.0094  0.0000   -1.0000  0.0000  1.0000   0.0000  -0.9999  -0.0052   -0.0094  0.0000  0.0000 1.0000
4.7344  +0.0220  -0.9998  5973.4260  3765.8755  3765.8755  0.0220  0.0000   -0.9998  0.0000  1.0000   0.0000  -0.9997  -0.0103   -0.0220  0.0000  -0.0000 1.0000
4.7470  +0.0346  -0.9994  5973.4260  3765.8755  3765.8755  0.0346  0.0000   -0.9994  0.0000  1.0000   0.0000  -0.9992  -0.0190   -0.0346  0.0000  0.0000 1.0000
4.7596  +0.0472  -0.9989  5973.4260  3765.8755  3765.8755  0.0472  0.0000   -0.9989  0.0000  1.0000   0.0000  -0.9986  0.0219   -0.0472  0.0000  0.0000 1.0000
4.7722  +0.0598  -0.9982  5973.4260  3765.8755  3765.8755  0.0598  0.0000   -0.9982  0.0000  1.0000   0.0000  -0.9977  -0.0328   -0.0597  0.0000  -0.0000 1.0000
4.7848  +0.0723  -0.9974  5973.4260  3765.8755  3765.8755  0.0723  0.0000   -0.9974  0.0000  1.0000   0.0000  -0.9966  -0.0396   -0.0723  0.0000  0.0000 1.0000
4.7974  +0.0849  -0.9964  5973.4260  3765.8755  3765.8755  0.0849  0.0000   -0.9964  0.0000  1.0000   0.0000  -0.9953  -0.0464   -0.0848  0.0000  0.0000 1.0000
4.8100  +0.0974  -0.9952  5973.4260  3765.8755  3765.8755  0.0974  0.0000   -0.9952  0.0000  1.0000   0.0000  -0.9938  -0.0531   -0.0973  0.0000  0.0000 1.0000
4.8226  +0.1100  -0.9939  5973.4260  3765.8755  3765.8755  0.1100  0.0000   -0.9939  0.0000  1.0000   0.0000  -0.9922  -0.0597   -0.1098  0.0000  0.0000 1.0000
4.8352  +0.1225  -0.9925  5973.4260  3765.8755  3765.8755  0.1225  0.0000   -0.9925  0.0000  1.0000   0.0000  -0.9903  -0.0663   -0.1222  0.0000  -0.0000 1.0000
4.8477  +0.1349  -0.9909  5973.4260  3765.8755  3765.8755  0.1349  0.0000   -0.9909  0.0000  1.0000   0.0000  -0.9882  -0.0728   -0.1346  0.0000  -0.0000 1.0000
4.8603  +0.1474  -0.9891  5973.4260  3765.8755  3765.8755  0.1474  0.0000   -0.9891  0.0000  1.0000   0.0000  -0.9860  -0.0792   -0.1469  0.0000  0.0000 1.0000
4.8729  +0.1599  -0.9871  5973.4260  3765.8755  3765.8755  0.1599  0.0000   -0.9871  0.0000  1.0000   0.0000  -0.9835  -0.0855   -0.1593  0.0000  0.0000 1.0000
4.8855  +0.1723  -0.9850  5973.4260  3765.8755  3765.8755  0.1723  0.0000   -0.9850  0.0000  1.0000   0.0000  -0.9809  -0.0917   -0.1715  0.0000  -0.0000 1.0000
4.8981  +0.1847  -0.9828  5973.4260  3765.8755  3765.8755  0.1847  0.0000   -0.9828  0.0000  1.0000   0.0000  -0.9813  0.0553   -0.1844  0.0000  0.0000 1.0000
4.9107  +0.1970  -0.9804  5973.4260  3765.8755  3765.8755  0.1970  0.0000   -0.9804  0.0000  1.0000   0.0000  -0.9751  -0.1037   -0.1960  0.0000  0.0000 1.0000
4.9233  +0.2093  -0.9778  5973.4260  3765.8755  3765.8755  0.2093  0.0000   -0.9778  0.0000  1.0000   0.0000  -0.9720  -0.1096   -0.2081  0.0000  0.0000 1.0000
4.9359  +0.2216  -0.9751  5973.4260  3765.8755  3765.8755  0.2216  0.0000   -0.9751  0.0000  1.0000   0.0000  -0.9705  0.0976   -0.2206  0.0000  -0.0000 1.0000
4.9485  +0.2339  -0.9723  5973.4260  3765.8755  3765.8755  0.2339  0.0000   -0.9723  0.0000  1.0000   0.0000  -0.9651  -0.1209   -0.2322  0.0000  0.0000 1.0000
4.9611  +0.2461  -0.9692  5973.4260  3765.8755  3765.8755  0.2461  0.0000   -0.9692  0.0000  1.0000   0.0000  -0.9615  -0.1263   -0.2442  0.0000  0.0000 1.0000
4.9737  +0.2583  -0.9661  5973.4260  3765.8755  3765.8755  0.2583  0.0000   -0.9661  0.0000  1.0000   0.0000  -0.9577  -0.1316   -0.2561  0.0000  -0.0000 1.0000
4.9863  +0.2705  -0.9627  5973.4260  3765.8755  3765.8755  0.2705  0.0000   -0.9627  0.0000  1.0000   0.0000  -0.9537  -0.1367   -0.2679  0.0000  0.0000 1.0000
4.9988  +0.2826  -0.9593  5973.4260  3765.8755  3765.8755  0.2826  0.0000   -0.9593  0.0000  1.0000   0.0000  -0.9523  -0.1201   -0.2805  0.0000  -0.0000 1.0000
5.0114  +0.2946  -0.9556  5973.4260  3765.8755  3765.8755  0.2946  0.0000   -0.9556  0.0000  1.0000   0.0000  -0.9453  -0.1465   -0.2914  0.0000  0.0000 1.0000
5.0240  +0.3066  -0.9518  5973.4260  3765.8755  3765.8755  0.3066  0.0000   -0.9518  0.0000  1.0000   0.0000  -0.9483  0.0859   -0.3055  0.0000  -0.0000 1.0000
5.0366  +0.3186  -0.9479  5973.4260  3765.8755  3765.8755  0.3186  0.0000   -0.9479  0.0000  1.0000   0.0000  -0.9363  -0.1557   -0.3147  0.0000  0.0000 1.0000
5.0492  +0.3305  -0.9438  5973.4260  3765.8755  3765.8755  0.3305  0.0000   -0.9438  0.0000  1.0000   0.0000  -0.9316  -0.1600   -0.3262  0.0000  -0.0000 1.0000
5.0618  +0.3423  -0.9396  5973.4260  3765.8755  3765.8755  0.3423  0.0000   -0.9396  0.0000  1.0000   0.0000  -0.9268  -0.1642   -0.3377  0.0000  0.0000 1.0000
5.0744  +0.3542  -0.9352  5973.4260  3765.8755  3765.8755  0.3542  0.0000   -0.9352  0.0000  1.0000   0.0000  -0.9219  -0.1681   -0.3491  0.0000  0.0000 1.0000
5.0870  +0.3659  -0.9307  5973.4260  3765.8755  3765.8755  0.3659  0.0000   -0.9307  0.0000  1.0000   0.0000  -0.9168  -0.1719   -0.3605  0.0000  0.0000 1.0000
5.0996  +0.3776  -0.9260  5973.4260  3765.8755  3765.8755  0.3776  0.0000   -0.9260  0.0000  1.0000   0.0000  -0.9116  -0.1755   -0.3717  0.0000  0.0000 1.0000
5.1122  +0.3892  -0.9211  5973.4260  3765.8755  3765.8755  0.3892  0.0000   -0.9211  0.0000  1.0000   0.0000  -0.9063  -0.1789   -0.3829  0.0000  0.0000 1.0000
5.1248  +0.4008  -0.9162  5973.4260  3765.8755  3765.8755  0.4008  0.0000   -0.9162  0.0000  1.0000   0.0000  -0.9008  -0.1821   -0.3941  0.0000  0.0000 1.0000
5.1374  +0.4123  -0.9111  5973.4260  3765.8755  3765.8755  0.4123  0.0000   -0.9111  0.0000  1.0000   0.0000  -0.8953  -0.1852   -0.4052  0.0000  0.0000 1.0000
5.1499  +0.4237  -0.9058  5973.4260  3765.8755  3765.8755  0.4237  0.0000   -0.9058  0.0000  1.0000   0.0000  -0.9006  0.1073   -0.4213  0.0000  0.0000 1.0000
5.1625  +0.4351  -0.9004  5973.4260  3765.8755  3765.8755  0.4351  0.0000   -0.9004  0.0000  1.0000   0.0000  -0.8839  -0.1907   -0.4271  0.0000  0.0000 1.0000
5.1751  +0.4464  -0.8948  5973.4260  3765.8755  3765.8755  0.4464  0.0000   -0.8948  0.0000  1.0000   0.0000  -0.8780  -0.1931   -0.4380  0.0000  0.0000 1.0000
5.1877  +0.4576  -0.8891  5973.4260  3765.8755  3765.8755  0.4576  0.0000   -0.8891  0.0000  1.0000   0.0000  -0.8720  -0.1954   -0.4488  0.0000  -0.0000 1.0000
5.2003  +0.4688  -0.8833  5973.4260  3765.8755  3765.8755  0.4688  0.0000   -0.8833  0.0000  1.0000   0.0000  -0.8659  -0.1974   -0.4596  0.0000  -0.0000 1.0000
5.2129  +0.4799  -0.8773  5973.4260  3765.8755  3765.8755  0.4799  0.0000   -0.8773  0.0000  1.0000   0.0000  -0.8597  -0.1993   -0.4702  0.0000  -0.0000 1.0000
5.2255  +0.4909  -0.8712  5973.4260  3765.8755  3765.8755  0.4909  0.0000   -0.8712  0.0000  1.0000   0.0000  -0.8534  -0.2010   -0.4809  0.0000  0.0000 1.0000
5.2381  +0.5018  -0.8650  5973.4260  3765.8755  3765.8755  0.5018  0.0000   -0.8650  0.0000  1.0000   0.0000  -0.8471  -0.2025   -0.4914  0.0000  0.0000 1.0000
5.2507  +0.5127  -0.8586  5973.4260  3765.8755  3765.8755  0.5127  0.0000   -0.8586  0.0000  1.0000   0.0000  -0.8406  -0.2037   -0.5019  0.0000  0.0000 1.0000
5.2633  +0.5234  -0.8521  5973.4260  3765.8755  3765.8755  0.5234  0.0000   -0.8521  0.0000  1.0000   0.0000  -0.8340  -0.2048   -0.5123  0.0000  0.0000 1.0000
5.2759  +0.5341  -0.8454  5973.4260  3765.8755  3765.8755  0.5341  0.0000   -0.8454  0.0000  1.0000   0.0000  -0.8273  -0.2057   -0.5227  0.0000  0.0000 1.0000
5.2885  +0.5447  -0.8386  5973.4260  3765.8755  3765.8755  0.5447  0.0000   -0.8386  0.0000  1.0000   0.0000  -0.8206  -0.2064   -0.5330  0.0000  -0.0000 1.0000
5.3010  +0.5552  -0.8317  5973.4260  3765.8755  3765.8755  0.5552  0.0000   -0.8317  0.0000  1.0000   0.0000  -0.8137  -0.2069   -0.5432  0.0000  0.0000 1.0000
5.3136  +0.5657  -0.8246  5973.4260  3765.8755  3765.8755  0.5657  0.0000   -0.8246  0.0000  1.0000   0.0000  -0.8067  -0.2072   -0.5534  0.0000  0.0000 1.0000
5.3262  +0.5760  -0.8174  5973.4260  3765.8755  3765.8755  0.5760  0.0000   -0.8174  0.0000  1.0000   0.0000  -0.7997  -0.2073   -0.5635  0.0000  0.0000 1.0000
5.3388  +0.5863  -0.8101  5973.4260  3765.8755  3765.8755  0.5863  0.0000   -0.8101  0.0000  1.0000   0.0000  -0.7925  -0.2073   -0.5735  0.0000  0.0000 1.0000
5.3514  +0.5964  -0.8027  5973.4260  3765.8755  3765.8755  0.5964  0.0000   -0.8027  0.0000  1.0000   0.0000  -0.7853  -0.2070   -0.5835  0.0000  0.0000 1.0000
5.3640  +0.6065  -0.7951  5973.4260  3765.8755  3765.8755  0.6065  0.0000   -0.7951  0.0000  1.0000   0.0000  -0.7780  -0.2066   -0.5934  0.0000  -0.0000 1.0000
5.3766  +0.6164  -0.7874  5973.4260  3765.8755  3765.8755  0.6164  0.0000   -0.7874  0.0000  1.0000   0.0000  -0.7705  -0.2059   -0.6032  0.0000  0.0000 1.0000
5.3892  +0.6263  -0.7796  5973.4260  3765.8755  3765.8755  0.6263  0.0000   -0.7796  0.0000  1.0000   0.0000  -0.7630  -0.2051   -0.6130  0.0000  0.0000 1.0000
5.4018  +0.6361  -0.7716  5973.4260  3765.8755  3765.8755  0.6361  0.0000   -0.7716  0.0000  1.0000   0.0000  -0.7554  -0.2041   -0.6227  0.0000  0.0000 1.0000
5.4144  +0.6457  -0.7636  5973.4260  3765.8755  3765.8755  0.6457  0.0000   -0.7636  0.0000  1.0000   0.0000  -0.7521  0.1726   -0.6360  0.0000  -0.0000 1.0000
5.4270  +0.6553  -0.7554  5973.4260  3765.8755  3765.8755  0.6553  0.0000   -0.7554  0.0000  1.0000   0.0000  -0.7399  -0.2017   -0.6418  0.0000  0.0000 1.0000
5.4396  +0.6648  -0.7471  5973.4260  3765.8755  3765.8755  0.6648  0.0000   -0.7471  0.0000  1.0000   0.0000  -0.7319  -0.2002   -0.6513  0.0000  -0.0000 1.0000
5.4521  +0.6741  -0.7386  5973.4260  3765.8755  3765.8755  0.6741  0.0000   -0.7386  0.0000  1.0000   0.0000  -0.7239  -0.1985   -0.6607  0.0000  0.0000 1.0000
5.4647  +0.6834  -0.7301  5973.4260  3765.8755  3765.8755  0.6834  0.0000   -0.7301  0.0000  1.0000   0.0000  -0.7158  -0.1967   -0.6700  0.0000  -0.0000 1.0000
5.4773  +0.6925  -0.7214  5973.4260  3765.8755  3765.8755  0.6925  0.0000   -0.7214  0.0000  1.0000   0.0000  -0.7076  -0.1947   -0.6792  0.0000  0.0000 1.0000
5.4899  +0.7015  -0.7126  5973.4260  3765.8755  3765.8755  0.7015  0.0000   -0.7126  0.0000  1.0000   0.0000  -0.6993  -0.1925   -0.6884  0.0000  0.0000 1.0000
5.5025  +0.7104  -0.7038  5973.4260  3765.8755  3765.8755  0.7104  0.0000   -0.7038  0.0000  1.0000   0.0000  0.6909  0.1902   0.6975  0.0000  1.0000 -0.0000
5.5151  +0.7192  -0.6948  5973.4260  3765.8755  3765.8755  0.7192  0.0000   -0.6948  0.0000  1.0000   0.0000  0.6859  0.1595   0.7100  0.0000  1.0000 0.0000
5.5277  +0.7279  -0.6856  5973.4260  3765.8755  3765.8755  0.7279  0.0000   -0.6856  0.0000  1.0000   0.0000  0.6738  0.1852   0.7153  0.0000  1.0000 -0.0000
5.5403  +0.7365  -0.6764  5973.4260  3765.8755  3765.8755  0.7365  0.0000   -0.6764  0.0000  1.0000   0.0000  0.6651  0.1824   0.7241  0.0000  1.0000 -0.0000
5.5529  +0.7450  -0.6671  5973.4260  3765.8755  3765.8755  0.7450  0.0000   -0.6671  0.0000  1.0000   0.0000  0.6563  0.1796   0.7329  0.0000  1.0000 -0.0000
5.5655  +0.7533  -0.6577  5973.4260  3765.8755  3765.8755  0.7533  0.0000   -0.6577  0.0000  1.0000   0.0000  0.6473  0.1766   0.7415  0.0000  1.0000 0.0000
5.5781  +0.7615  -0.6481  5973.4260  3765.8755  3765.8755  0.7615  0.0000   -0.6481  0.0000  1.0000   0.0000  0.6383  0.1735   0.7500  0.0000  1.0000 0.0000
5.5906  +0.7696  -0.6385  5973.4260  3765.8755  3765.8755  0.7696  0.0000   -0.6385  0.0000  1.0000   0.0000  0.6318  -0.1445   0.7616  0.0000  1.0000 -0.0000
5.6032  +0.7776  -0.6287  5973.4260  3765.8755  3765.8755  0.7776  0.0000   -0.6287  0.0000  1.0000   0.0000  0.6199  0.1669   0.7667  0.0000  1.0000 -0.0000
5.6158  +0.7855  -0.6189  5973.4260  3765.8755  3765.8755  0.7855  0.0000   -0.6189  0.0000  1.0000   0.0000  0.6129  -0.1387   0.7779  0.0000  1.0000 -0.0000
5.6284  +0.7932  -0.6090  5973.4260  3765.8755  3765.8755  0.7932  0.0000   -0.6090  0.0000  1.0000   0.0000  0.6011  0.1599   0.7830  0.0000  1.0000 0.0000
5.6410  +0.8008  -0.5989  5973.4260  3765.8755  3765.8755  0.8008  0.0000   -0.5989  0.0000  1.0000   0.0000  0.5916  0.1562   0.7910  0.0000  1.0000 -0.0000
5.6536  +0.8083  -0.5888  5973.4260  3765.8755  3765.8755  0.8083  0.0000   -0.5888  0.0000  1.0000   0.0000  0.5819  0.1525   0.7988  0.0000  1.0000 -0.0000
5.6662  +0.8156  -0.5786  5973.4260  3765.8755  3765.8755  0.8156  0.0000   -0.5786  0.0000  1.0000   0.0000  0.5721  0.1487   0.8066  0.0000  1.0000 0.0000
5.6788  +0.8228  -0.5683  5973.4260  3765.8755  3765.8755  0.8228  0.0000   -0.5683  0.0000  1.0000   0.0000  0.5623  0.1448   0.8142  0.0000  1.0000 0.0000
5.6914  +0.8299  -0.5579  5973.4260  3765.8755  3765.8755  0.8299  0.0000   -0.5579  0.0000  1.0000   0.0000  0.5523  0.1408   0.8217  0.0000  1.0000 0.0000
5.7040  +0.8369  -0.5474  5973.4260  3765.8755  3765.8755  0.8369  0.0000   -0.5474  0.0000  1.0000   0.0000  0.5422  0.1368   0.8290  0.0000  1.0000 0.0000
5.7166  +0.8437  -0.5368  5973.4260  3765.8755  3765.8755  0.8437  0.0000   -0.5368  0.0000  1.0000   0.0000  0.5320  0.1327   0.8363  0.0000  1.0000 0.0000
5.7292  +0.8504  -0.5261  5973.4260  3765.8755  3765.8755  0.8504  0.0000   -0.5261  0.0000  1.0000   0.0000  0.5218  0.1285   0.8434  0.0000  1.0000 0.0000
5.7417  +0.8570  -0.5154  5973.4260  3765.8755  3765.8755  0.8570  0.0000   -0.5154  0.0000  1.0000   0.0000  0.5114  0.1244   0.8503  0.0000  1.0000 0.0000
5.7543  +0.8634  -0.5045  5973.4260  3765.8755  3765.8755  0.8634  0.0000   -0.5045  0.0000  1.0000   0.0000  0.5009  0.1201   0.8571  0.0000  1.0000 0.0000
5.7669  +0.8697  -0.4936  5973.4260  3765.8755  3765.8755  0.8697  0.0000   -0.4936  0.0000  1.0000   0.0000  0.4903  0.1159   0.8638  0.0000  1.0000 0.0000
5.7795  +0.8758  -0.4826  5973.4260  3765.8755  3765.8755  0.8758  0.0000   -0.4826  0.0000  1.0000   0.0000  0.4796  0.1116   0.8703  0.0000  1.0000 -0.0000
5.7921  +0.8818  -0.4716  5973.4260  3765.8755  3765.8755  0.8818  0.0000   -0.4716  0.0000  1.0000   0.0000  0.4688  0.1074   0.8767  0.0000  1.0000 0.0000
5.8047  +0.8877  -0.4604  5973.4260  3765.8755  3765.8755  0.8877  0.0000   -0.4604  0.0000  1.0000   0.0000  0.4580  0.1031   0.8830  0.0000  1.0000 0.0000
5.8173  +0.8934  -0.4492  5973.4260  3765.8755  3765.8755  0.8934  0.0000   -0.4492  0.0000  1.0000   0.0000  0.4470  0.0988   0.8891  0.0000  1.0000 0.0000
5.8299  +0.8990  -0.4379  5973.4260  3765.8755  3765.8755  0.8990  0.0000   -0.4379  0.0000  1.0000   0.0000  0.4360  0.0945   0.8950  0.0000  1.0000 0.0000
5.8425  +0.9045  -0.4266  5973.4260  3765.8755  3765.8755  0.9045  0.0000   -0.4266  0.0000  1.0000   0.0000  0.4248  0.0903   0.9008  0.0000  1.0000 0.0000
5.8551  +0.9098  -0.4152  5973.4260  3765.8755  3765.8755  0.9098  0.0000   -0.4152  0.0000  1.0000   0.0000  0.4136  0.0860   0.9064  0.0000  1.0000 0.0000
5.8677  +0.9149  -0.4037  5973.4260  3765.8755  3765.8755  0.9149  0.0000   -0.4037  0.0000  1.0000   0.0000  0.4023  0.0818   0.9118  0.0000  1.0000 0.0000
5.8803  +0.9199  -0.3921  5973.4260  3765.8755  3765.8755  0.9199  0.0000   -0.3921  0.0000  1.0000   0.0000  0.3913  -0.0657   0.9179  0.0000  1.0000 0.0000
5.8928  +0.9248  -0.3805  5973.4260  3765.8755  3765.8755  0.9248  0.0000   -0.3805  0.0000  1.0000   0.0000  0.3795  0.0735   0.9223  0.0000  1.0000 -0.0000
5.9054  +0.9295  -0.3688  5973.4260  3765.8755  3765.8755  0.9295  0.0000   -0.3688  0.0000  1.0000   0.0000  0.3679  0.0695   0.9273  0.0000  1.0000 0.0000
5.9180  +0.9341  -0.3571  5973.4260  3765.8755  3765.8755  0.9341  0.0000   -0.3571  0.0000  1.0000   0.0000  0.3563  0.0654   0.9321  0.0000  1.0000 0.0000
5.9306  +0.9385  -0.3453  5973.4260  3765.8755  3765.8755  0.9385  0.0000   -0.3453  0.0000  1.0000   0.0000  0.3447  0.0615   0.9367  0.0000  1.0000 0.0000
5.9432  +0.9428  -0.3335  5973.4260  3765.8755  3765.8755  0.9428  0.0000   -0.3335  0.0000  1.0000   0.0000  0.3329  0.0576   0.9412  0.0000  1.0000 0.0000
5.9558  +0.9469  -0.3216  5973.4260  3765.8755  3765.8755  0.9469  0.0000   -0.3216  0.0000  1.0000   0.0000  0.3211  0.0538   0.9455  0.0000  1.0000 0.0000
5.9684  +0.9509  -0.3096  5973.4260  3765.8755  3765.8755  0.9509  0.0000   -0.3096  0.0000  1.0000   0.0000  0.3092  0.0501   0.9497  0.0000  1.0000 0.0000
5.9810  +0.9547  -0.2976  5973.4260  3765.8755  3765.8755  0.9547  0.0000   -0.2976  0.0000  1.0000   0.0000  0.2973  0.0465   0.9537  0.0000  1.0000 0.0000
5.9936  +0.9584  -0.2856  5973.4260  3765.8755  3765.8755  0.9584  0.0000   -0.2856  0.0000  1.0000   0.0000  0.2853  0.0430   0.9575  0.0000  1.0000 0.0000
6.0062  +0.9619  -0.2735  5973.4260  3765.8755  3765.8755  0.9619  0.0000   -0.2735  0.0000  1.0000   0.0000  0.2733  0.0396   0.9611  0.0000  1.0000 0.0000
6.0188  +0.9652  -0.2614  5973.4260  3765.8755  3765.8755  0.9652  0.0000   -0.2614  0.0000  1.0000   0.0000  0.2612  0.0363   0.9646  0.0000  1.0000 0.0000
6.0314  +0.9685  -0.2492  5973.4260  3765.8755  3765.8755  0.9685  0.0000   -0.2492  0.0000  1.0000   0.0000  0.2490  0.0331   0.9679  0.0000  1.0000 0.0000
6.0439  +0.9715  -0.2370  5973.4260  3765.8755  3765.8755  0.9715  0.0000   -0.2370  0.0000  1.0000   0.0000  0.2369  0.0300   0.9711  0.0000  1.0000 -0.0000
6.0565  +0.9744  -0.2247  5973.4260  3765.8755  3765.8755  0.9744  0.0000   -0.2247  0.0000  1.0000   0.0000  0.2246  0.0271   0.9741  0.0000  1.0000 0.0000
6.0691  +0.9772  -0.2124  5973.4260  3765.8755  3765.8755  0.9772  0.0000   -0.2124  0.0000  1.0000   0.0000  0.2124  0.0243   0.9769  0.0000  1.0000 0.0000
6.0817  +0.9798  -0.2001  5973.4260  3765.8755  3765.8755  0.9798  0.0000   -0.2001  0.0000  1.0000   0.0000  0.2001  0.0216   0.9795  0.0000  1.0000 0.0000
6.0943  +0.9822  -0.1878  5973.4260  3765.8755  3765.8755  0.9822  0.0000   -0.1878  0.0000  1.0000   0.0000  0.1877  0.0191   0.9820  0.0000  1.0000 0.0000
6.1069  +0.9845  -0.1754  5973.4260  3765.8755  3765.8755  0.9845  0.0000   -0.1754  0.0000  1.0000   0.0000  0.1753  0.0167   0.9844  0.0000  1.0000 -0.0000
6.1195  +0.9866  -0.1630  5973.4260  3765.8755  3765.8755  0.9866  0.0000   -0.1630  0.0000  1.0000   0.0000  0.1629  0.0144   0.9865  0.0000  1.0000 -0.0000
6.1321  +0.9886  -0.1505  5973.4260  3765.8755  3765.8755  0.9886  0.0000   -0.1505  0.0000  1.0000   0.0000  0.1505  0.0123   0.9885  0.0000  1.0000 0.0000
6.1447  +0.9904  -0.1381  5973.4260  3765.8755  3765.8755  0.9904  0.0000   -0.1381  0.0000  1.0000   0.0000  0.1381  0.0104   0.9904  0.0000  1.0000 0.0000
6.1573  +0.9921  -0.1256  5973.4260  3765.8755  3765.8755  0.9921  0.0000   -0.1256  0.0000  1.0000   0.0000  0.1256  0.0086   0.9920  0.0000  1.0000 0.0000
6.1699  +0.9936  -0.1131  5973.4260  3765.8755  3765.8755  0.9936  0.0000   -0.1131  0.0000  1.0000   0.0000  0.1131  0.0070   0.9936  0.0000  1.0000 0.0000
6.1825  +0.9949  -0.1006  5973.4260  3765.8755  3765.8755  0.9949  0.0000   -0.1006  0.0000  1.0000   0.0000  0.1006  0.0055   0.9949  0.0000  1.0000 -0.0000
6.1950  +0.9961  -0.0880  5973.4260  3765.8755  3765.8755  0.9961  0.0000   -0.0880  0.0000  1.0000   0.0000  0.0880  0.0043   0.9961  0.0000  1.0000 0.0000
6.2076  +0.9971  -0.0755  5973.4260  3765.8755  3765.8755  0.9971  0.0000   -0.0755  0.0000  1.0000   0.0000  0.0755  0.0031   0.9971  0.0000  1.0000 0.0000
6.2202  +0.9980  -0.0629  5973.4260  3765.8755  3765.8755  0.9980  0.0000   -0.0629  0.0000  1.0000   0.0000  0.0629  0.0022   0.9980  0.0000  1.0000 0.0000
6.2328  +0.9987  -0.0503  5973.4260  3765.8755  3765.8755  0.9987  0.0000   -0.0503  0.0000  1.0000   0.0000  0.0503  0.0014   0.9987  0.0000  1.0000 -0.0000
6.2454  +0.9993  -0.0378  5973.4260  3765.8755  3765.8755  0.9993  0.0000   -0.0378  0.0000  1.0000   0.0000  0.0378  0.0008   0.9993  0.0000  1.0000 0.0000
6.2580  +0.9997  -0.0252  5973.4260  3765.8755  3765.8755  0.9997  0.0000   -0.0252  0.0000  1.0000   0.0000  0.0252  0.0003   0.9997  0.0000  1.0000 -0.0000
6.2706  +0.9999  -0.0126  5973.4260  3765.8755  3765.8755  0.9999  0.0000   -0.0126  0.0000  1.0000   0.0000  0.0126  0.0001   0.9999  0.0000  1.0000 -0.0000
6.2832  +1.0000  -0.0000  5973.4260  3765.8755  3765.8755  1.0000  0.0000   0.0000  0.0000  1.0000   0.0000  0.0000  0.0000   1.0000  0.0000  1.0000 0.0000
