#phi    kapx    kapz    vl         vs1        vs2        vlx     vly      vlz     vs1x    vs1y     vs1z    vs2x    vs2y     vs2z
0.0000  +1.0000  +0.0000  1271.7249  6189.3774  104.4628  0.1001  0.3395   0.9353  -0.9456  -0.2386   0.2210  -0.2171  0.9239   -0.3150  -0.9456  -0.2171 0.1001
0.0126  +0.9999  +0.0126  1328.9703  6170.6779  132.2778  0.0991  0.3244   0.9407  -0.9456  -0.2386   0.2210  -0.2148  0.9291   -0.3011  -0.9428  -0.2186 0.1110
0.0252  +0.9997  +0.0252  1388.6125  6151.0001  161.8020  0.0975  0.3116   0.9452  -0.9456  -0.2386   0.2210  -0.2129  0.9332   -0.2895  -0.9398  -0.2201 0.1213
0.0378  +0.9993  +0.0378  1450.2575  6130.3471  192.7092  0.0953  0.3009   0.9489  -0.9456  -0.2386   0.2210  -0.2113  0.9365   -0.2800  -0.9366  -0.2217 0.1311
0.0504  +0.9987  +0.0503  1513.5765  6108.7221  224.7337  0.0926  0.2918   0.9520  -0.9456  -0.2386   0.2210  -0.2098  0.9391   -0.2722  -0.9333  -0.2233 0.1404
0.0630  +0.9980  +0.0629  1578.2949  6086.1286  257.6596  0.0894  0.2841   0.9546  -0.9456  -0.2386   0.2210  -0.2086  0.9412   -0.2659  -0.9299  -0.2249 0.1493
0.0755  +0.9971  +0.0755  1644.1827  6062.5702  291.3115  0.0858  0.2776   0.9568  -0.9456  -0.2386   0.2210  -0.2075  0.9428   -0.2607  -0.9263  -0.2266 0.1578
0.0881  +0.9961  +0.0880  1711.0465  6038.0506  325.5465  0.0819  0.2722   0.9588  -0.9456  -0.2386   0.2210  -0.2065  0.9442   -0.2567  -0.9225  -0.2283 0.1659
0.1007  +0.9949  +0.1006  1778.7223  6012.5737  360.2480  0.0776  0.2675   0.9604  -0.9456  -0.2386   0.2210  -0.2057  0.9452   -0.2535  -0.9186  -0.2301 0.1737
0.1133  +0.9936  +0.1131  1847.0706  5986.1436  395.3199  0.0729  0.2635   0.9619  -0.9456  -0.2386   0.2210  -0.2049  0.9461   -0.2510  -0.9146  -0.2319 0.1813
0.1259  +0.9921  +0.1256  1915.9714  5958.7644  430.6832  0.0680  0.2601   0.9632  -0.9456  -0.2386   0.2210  -0.2041  0.9467   -0.2492  -0.9104  -0.2338 0.1885
0.1385  +0.9904  +0.1381  1985.3211  5930.4404  466.2719  0.0628  0.2572   0.9643  -0.9456  -0.2386   0.2210  -0.2034  0.9472   -0.2478  -0.9061  -0.2357 0.1954
0.1511  +0.9886  +0.1505  2055.0292  5901.1762  502.0310  0.0573  0.2546   0.9653  -0.9456  -0.2386   0.2210  -0.2028  0.9476   -0.2470  -0.9016  -0.2376 0.2020
0.1637  +0.9866  +0.1630  2125.0165  5870.9764  537.9141  0.0515  0.2523   0.9663  -0.9456  -0.2386   0.2210  -0.2021  0.9478   -0.2464  -0.8970  -0.2396 0.2083
0.1763  +0.9845  +0.1754  2195.2129  5839.8457  573.8817  0.0454  0.2503   0.9671  -0.9456  -0.2386   0.2210  -0.2015  0.9480   -0.2462  -0.8922  -0.2415 0.2143
0.1889  +0.9822  +0.1878  2265.5558  5807.7892  609.9002  0.0389  0.2484   0.9679  -0.9456  -0.2386   0.2210  -0.2008  0.9482   -0.2463  -0.8873  -0.2435 0.2199
0.2015  +0.9798  +0.2001  2335.9894  5774.8119  645.9406  0.0321  0.2466   0.9686  -0.9456  -0.2386   0.2210  -0.2002  0.9482   -0.2466  -0.8823  -0.2455 0.2253
0.2141  +0.9772  +0.2124  2406.4632  5740.9191  681.9777  0.0249  0.2449   0.9692  -0.9456  -0.2386   0.2210  -0.1995  0.9482   -0.2471  -0.8771  -0.2474 0.2303
0.2266  +0.9744  +0.2247  2476.9314  5706.1160  717.9894  0.0174  0.2433   0.9698  -0.9456  -0.2386   0.2210  -0.1988  0.9482   -0.2477  -0.8718  -0.2494 0.2349
0.2392  +0.9715  +0.2370  2547.3521  5670.4083  753.9563  0.0094  0.2416   0.9703  0.9456  0.2386   -0.2210  0.1981  -0.9482   0.2484  0.8664  0.2514 0.2391
0.2518  +0.9685  +0.2492  2617.6870  5633.8015  789.8610  0.0009  0.2399   0.9708  0.9456  0.2386   -0.2210  0.1974  -0.9481   0.2493  0.8608  0.2533 0.2428
0.2644  +0.9652  +0.2614  2687.9007  5596.3015  825.6881  -0.0080  0.2381   0.9712  0.9456  0.2386   -0.2210  0.1967  -0.9480   0.2503  0.8550  0.2552 0.2461
0.2770  +0.9619  +0.2735  2757.9604  5557.9143  861.4237  -0.0176  0.2362   0.9715  0.9456  0.2386   -0.2210  0.1959  -0.9479   0.2514  0.8492  0.2571 0.2488
0.2896  +0.9584  +0.2856  2827.8354  5518.6459  897.0549  -0.0278  0.2341   0.9718  -0.9456  -0.2386   0.2210  -0.1951  0.9477   -0.2525  -0.8432  -0.2590 0.2509
0.3022  +0.9547  +0.2976  2897.4972  5478.5025  932.5701  -0.0387  0.2319   0.9720  -0.9456  -0.2386   0.2210  -0.1942  0.9476   -0.2537  -0.8370  -0.2609 0.2524
0.3148  +0.9509  +0.3096  2966.9189  5437.4906  967.9586  -0.0504  0.2294   0.9720  -0.9456  -0.2386   0.2210  -0.1933  0.9475   -0.2549  -0.8308  -0.2627 0.2531
0.3274  +0.9469  +0.3216  3036.0752  5395.6165  1003.2104  -0.0630  0.2266   0.9719  -0.9456  -0.2386   0.2210  -0.1923  0.9473   -0.2562  -0.8244  -0.2645 0.2529
0.3400  +0.9428  +0.3335  3104.9420  5352.8870  1038.3161  -0.0766  0.2235   0.9717  -0.9456  -0.2386   0.2210  -0.1914  0.9471   -0.2575  -0.8178  -0.2663 0.2518
0.3526  +0.9385  +0.3453  3173.4966  5309.3088  1073.2669  -0.0914  0.2200   0.9712  -0.9456  -0.2386   0.2210  -0.1903  0.9470   -0.2588  -0.8112  -0.2680 0.2496
0.3652  +0.9341  +0.3571  3241.7174  5264.8889  1108.0547  -0.1076  0.2160   0.9705  -0.9456  -0.2386   0.2210  -0.1892  0.9468   -0.2602  -0.8044  -0.2697 0.2461
0.3777  +0.9295  +0.3688  3309.5837  5219.6342  1142.6714  -0.1253  0.2114   0.9693  -0.9456  -0.2386   0.2210  -0.1881  0.9467   -0.2616  -0.7975  -0.2713 0.2411
0.3903  +0.9248  +0.3805  3377.0756  5173.5520  1177.1095  -0.1448  0.2061   0.9678  -0.9456  -0.2386   0.2210  -0.1868  0.9465   -0.2630  -0.7904  -0.2729 0.2343
0.4029  +0.9199  +0.3921  3444.1741  5126.6496  1211.3619  -0.1665  0.2000   0.9656  -0.9456  -0.2386   0.2210  -0.1856  0.9464   -0.2644  -0.7833  -0.2744 0.2255
0.4155  +0.9149  +0.4037  3510.8610  5078.9343  1245.4217  -0.1906  0.1929   0.9625  -0.9456  -0.2386   0.2210  -0.1842  0.9462   -0.2659  -0.7760  -0.2759 0.2142
0.4281  +0.9098  +0.4152  3577.1187  5030.4138  1279.2821  -0.2176  0.1845   0.9584  -0.9456  -0.2386   0.2210  -0.1828  0.9461   -0.2673  -0.7686  -0.2773 0.1999
0.4407  +0.9045  +0.4266  3642.9302  4981.0958  1312.9367  -0.2482  0.1747   0.9528  -0.9456  -0.2386   0.2210  -0.1813  0.9460   -0.2688  -0.7610  -0.2786 0.1820
0.4533  +0.8990  +0.4379  3708.2789  4930.9880  1346.3791  -0.2829  0.1629   0.9452  -0.9456  -0.2386   0.2210  -0.1797  0.9459   -0.2702  -0.7534  -0.2799 0.1597
0.4659  +0.8934  +0.4492  3773.1490  1379.6033  4880.0985  -0.3225  0.1488   0.9348  0.1780  -0.9458   0.2717  -0.9456  -0.2386   0.2210  0.2811  -0.7456 0.1318
0.4785  +0.8877  +0.4604  3837.5251  1412.6034  4828.4352  -0.3679  0.1318   0.9205  0.1763  -0.9457   0.2732  -0.9456  -0.2386   0.2210  0.2823  -0.7377 0.0972
0.4911  +0.8818  +0.4716  3901.3921  1445.3734  4776.0064  -0.4202  0.1110   0.9006  0.1744  -0.9456   0.2747  -0.9456  -0.2386   0.2210  0.2833  -0.7297 0.0542
0.5037  +0.8758  +0.4826  3964.7354  1477.9076  4722.8204  -0.4804  0.0855   0.8729  0.1724  -0.9455   0.2762  -0.9456  -0.2386   0.2210  0.2843  -0.7216 0.0005
0.5163  +0.8697  +0.4936  4027.5409  1510.2006  4668.8856  -0.5492  0.0541   0.8339  0.1703  -0.9454   0.2778  -0.9456  -0.2386   0.2210  0.2852  -0.7133 -0.0660
0.5288  +0.8634  +0.5045  4089.7947  1542.2468  4614.2106  -0.6266  0.0155   0.7792  0.1681  -0.9454   0.2793  -0.9456  -0.2386   0.2210  0.2861  -0.7050 -0.1479
0.5414  +0.8570  +0.5154  4151.4833  1574.0407  4558.8040  -0.7105  -0.0313   0.7030  0.1657  -0.9453   0.2809  -0.9456  -0.2386   0.2210  0.2868  -0.6965 -0.2466
0.5540  +0.8504  +0.5261  4212.5936  1605.5772  4502.6747  -0.7958  -0.0863   0.5994  0.1632  -0.9453   0.2825  -0.9456  -0.2386   0.2210  0.2874  -0.6879 -0.3613
0.5666  +0.8437  +0.5368  4273.1127  1636.8510  4445.8315  -0.8728  -0.1476   0.4652  0.1605  -0.9453   0.2840  -0.9456  -0.2386   0.2210  0.2879  -0.6793 -0.4867
0.5792  +0.8369  +0.5474  4333.0280  1667.8569  4388.2834  -0.9294  -0.2104   0.3034  0.1576  -0.9453   0.2857  -0.9456  -0.2386   0.2210  0.2883  -0.6705 -0.6117
0.5918  +0.8299  +0.5579  4330.0395  1698.5900  4392.3273  -0.9456  -0.2386   0.2210  0.1545  -0.9453   0.2873  -0.9551  -0.2682   0.1262  0.2885  -0.7222 -0.6616
0.6044  +0.8228  +0.5683  4271.1092  1729.0452  4450.9985  -0.9456  -0.2386   0.2210  0.1512  -0.9453   0.2890  -0.9478  -0.3152   -0.0485  0.2886  -0.8075 -0.6526
0.6170  +0.8156  +0.5786  4509.0299  1759.2175  4211.5017  0.9142  0.3493   0.2056  0.1476  -0.9454   0.2907  -0.9456  -0.2386   0.2210  0.2886  -0.6435 0.8646
0.6296  +0.8083  +0.5888  4566.4100  1789.1022  4151.2265  0.8649  0.3716   0.3373  0.1438  -0.9454   0.2924  -0.9456  -0.2386   0.2210  0.2884  -0.6342 0.8977
0.6422  +0.8008  +0.5989  4623.1274  1818.6945  4090.2931  0.8097  0.3848   0.4431  0.1396  -0.9455   0.2942  -0.9456  -0.2386   0.2210  0.2880  -0.6249 0.9138
0.6548  +0.7932  +0.6090  4679.1712  1847.9896  4028.7112  0.7545  0.3918   0.5264  0.1351  -0.9456   0.2960  -0.9456  -0.2386   0.2210  0.2874  -0.6155 0.9191
0.6674  +0.7855  +0.6189  4734.5305  1876.9829  3966.4906  0.7028  0.3949   0.5917  0.1302  -0.9457   0.2979  -0.9456  -0.2386   0.2210  0.2866  -0.6060 0.9182
0.6799  +0.7776  +0.6287  4789.1947  1905.6697  3903.6411  0.6558  0.3956   0.6429  0.1249  -0.9458   0.2998  -0.9456  -0.2386   0.2210  0.2856  -0.5964 0.9142
0.6925  +0.7696  +0.6385  4843.1535  1934.0455  3840.1728  0.6138  0.3949   0.6836  0.1190  -0.9459   0.3018  -0.9456  -0.2386   0.2210  0.2843  -0.5867 0.9089
0.7051  +0.7615  +0.6481  4896.3966  1962.1059  3776.0955  0.5764  0.3933   0.7163  0.1125  -0.9461   0.3038  -0.9456  -0.2386   0.2210  0.2826  -0.5769 0.9032
0.7177  +0.7533  +0.6577  4948.9141  1989.8464  3711.4196  0.5432  0.3914   0.7428  0.1054  -0.9462   0.3060  -0.9456  -0.2386   0.2210  0.2807  -0.5671 0.8977
0.7303  +0.7450  +0.6671  5000.6962  2017.2625  3646.1553  0.5137  0.3893   0.7646  0.0975  -0.9463   0.3083  -0.9456  -0.2386   0.2210  0.2783  -0.5571 0.8927
0.7429  +0.7365  +0.6764  5051.7332  2044.3501  3580.3129  0.4873  0.3872   0.7827  0.0886  -0.9464   0.3106  -0.9456  -0.2386   0.2210  0.2754  -0.5470 0.8884
0.7555  +0.7279  +0.6856  5102.0159  2071.1048  3513.9029  0.4637  0.3851   0.7979  0.0786  -0.9464   0.3132  -0.9456  -0.2386   0.2210  0.2719  -0.5369 0.8846
0.7681  +0.7192  +0.6948  5151.5349  2097.5224  3446.9357  0.4425  0.3831   0.8108  0.0673  -0.9464   0.3158  -0.9456  -0.2386   0.2210  0.2678  -0.5266 0.8816
0.7807  +0.7104  +0.7038  5200.2812  2123.5989  3379.4221  0.4232  0.3812   0.8219  0.0543  -0.9463   0.3187  -0.9456  -0.2386   0.2210  0.2629  -0.5163 0.8791
0.7933  +0.7015  +0.7126  2149.3300  5248.2461  3311.3726  0.0394  -0.9460   0.3218  -0.4057  -0.3794   -0.8315  -0.9456  -0.2386   0.2210  -0.8772  -0.5059 0.2570
0.8059  +0.6925  +0.7214  2174.7117  5295.4208  3242.7982  0.0220  -0.9454   0.3251  0.3898  0.3778   0.8398  0.9456  0.2386   -0.2210  0.8758  0.4955 0.2498
0.8185  +0.6834  +0.7301  2199.7402  5341.7969  3173.7096  0.0015  -0.9444   0.3287  0.3751  0.3763   0.8472  0.9456  0.2386   -0.2210  0.8749  0.4849 0.2410
0.8310  +0.6741  +0.7386  2224.4113  5387.3660  3104.1178  -0.0231  -0.9428   0.3327  0.3617  0.3749   0.8536  0.9456  0.2386   -0.2210  0.8743  0.4743 0.2301
0.8436  +0.6648  +0.7471  2248.7214  5432.1200  3034.0339  -0.0530  -0.9400   0.3370  -0.3492  -0.3736   -0.8594  -0.9456  -0.2386   0.2210  -0.8741  -0.4636 0.2165
0.8562  +0.6553  +0.7554  2272.6666  5476.0510  2963.4690  -0.0900  -0.9355   0.3417  -0.3376  -0.3724   -0.8645  -0.9456  -0.2386   0.2210  -0.8743  -0.4528 0.1991
0.8688  +0.6457  +0.7636  2296.2430  5519.1511  2892.4343  -0.1368  -0.9279   0.3467  -0.3268  -0.3713   -0.8691  -0.9456  -0.2386   0.2210  -0.8747  -0.4419 0.1764
0.8814  +0.6361  +0.7716  2319.4471  5561.4128  2820.9409  -0.1975  -0.9150   0.3518  -0.3167  -0.3702   -0.8733  -0.9456  -0.2386   0.2210  -0.8753  -0.4310 0.1459
0.8940  +0.6263  +0.7796  2342.2752  5602.8286  2749.0003  -0.2781  -0.8921   0.3562  -0.3073  -0.3693   -0.8770  -0.9456  -0.2386   0.2210  -0.8762  -0.4200 0.1035
0.9066  +0.6164  +0.7874  2364.7237  5643.3912  2676.6239  -0.3874  -0.8497   0.3576  -0.2984  -0.3684   -0.8805  -0.9456  -0.2386   0.2210  -0.8772  -0.4089 0.0428
0.9192  +0.6065  +0.7951  2386.7892  5683.0935  2603.8231  -0.5359  -0.7681   0.3506  -0.2900  -0.3676   -0.8836  -0.9456  -0.2386   0.2210  -0.8784  -0.3978 -0.0462
0.9318  +0.5964  +0.8027  2408.4680  5721.9287  2530.6094  -0.7239  -0.6102   0.3219  -0.2820  -0.3669   -0.8865  -0.9456  -0.2386   0.2210  -0.8797  -0.3866 -0.1734
0.9444  +0.5863  +0.8101  2429.7569  5759.8899  2456.9946  -0.9077  -0.3366   0.2506  -0.2744  -0.3662   -0.8891  -0.9456  -0.2386   0.2210  -0.8812  -0.3754 -0.3291
0.9570  +0.5760  +0.8174  2382.9902  5796.9705  2450.6526  -0.9456  -0.2386   0.2210  -0.2672  -0.3656   -0.8916  -0.9906  0.0153   0.1362  -0.8827  -0.4592 -0.3641
0.9695  +0.5657  +0.8246  2308.6080  5833.1641  2471.1516  -0.9456  -0.2386   0.2210  -0.2604  -0.3650   -0.8938  -0.9473  0.3197   0.0202  -0.8844  -0.5192 -0.3527
0.9821  +0.5552  +0.8317  2491.2509  5868.4644  2233.8598  0.8517  -0.5199   0.0662  -0.2538  -0.3645   -0.8959  -0.9456  -0.2386   0.2210  -0.8861  -0.3413 0.5280
0.9947  +0.5447  +0.8386  2510.9473  5902.8654  2158.7574  0.7581  -0.6403   0.1238  -0.2475  -0.3640   -0.8979  -0.9456  -0.2386   0.2210  -0.8878  -0.3298 0.5168
1.0073  +0.5341  +0.8454  2530.2376  5936.3612  2083.3128  0.6812  -0.7139   0.1623  -0.2415  -0.3636   -0.8997  -0.9456  -0.2386   0.2210  -0.8896  -0.3183 0.5010
1.0199  +0.5234  +0.8521  2549.1188  5968.9458  2007.5378  0.6206  -0.7611   0.1889  -0.2357  -0.3632   -0.9014  -0.9456  -0.2386   0.2210  -0.8914  -0.3067 0.4857
1.0325  +0.5127  +0.8586  2567.5881  6000.6138  1931.4446  0.5728  -0.7929   0.2081  -0.2301  -0.3628   -0.9030  -0.9456  -0.2386   0.2210  -0.8933  -0.2951 0.4723
1.0451  +0.5018  +0.8650  2585.6424  6031.3598  1855.0451  0.5346  -0.8153   0.2225  -0.2247  -0.3624   -0.9045  -0.9456  -0.2386   0.2210  -0.8951  -0.2834 0.4608
1.0577  +0.4909  +0.8712  2603.2790  6061.1784  1778.3516  0.5036  -0.8317   0.2338  -0.2194  -0.3621   -0.9060  -0.9456  -0.2386   0.2210  -0.8970  -0.2717 0.4509
1.0703  +0.4799  +0.8773  2620.4950  6090.0646  1701.3761  0.4780  -0.8441   0.2429  -0.2144  -0.3618   -0.9073  -0.9456  -0.2386   0.2210  -0.8989  -0.2599 0.4425
1.0829  +0.4688  +0.8833  2637.2878  6118.0135  1624.1308  0.4566  -0.8538   0.2503  -0.2094  -0.3615   -0.9086  -0.9456  -0.2386   0.2210  -0.9007  -0.2481 0.4351
1.0955  +0.4576  +0.8891  2653.6547  6145.0203  1546.6281  0.4383  -0.8614   0.2566  -0.2046  -0.3612   -0.9098  -0.9456  -0.2386   0.2210  -0.9025  -0.2363 0.4288
1.1081  +0.4464  +0.8948  2669.5931  6171.0803  1468.8801  0.4227  -0.8676   0.2620  -0.1999  -0.3610   -0.9109  -0.9456  -0.2386   0.2210  -0.9043  -0.2244 0.4231
1.1206  +0.4351  +0.9004  2685.1005  6196.1892  1390.8992  0.4091  -0.8727   0.2667  -0.1954  -0.3607   -0.9120  -0.9456  -0.2386   0.2210  -0.9061  -0.2125 0.4181
1.1332  +0.4237  +0.9058  2700.1745  6220.3428  1312.6979  0.3971  -0.8769   0.2708  -0.1909  -0.3605   -0.9130  -0.9456  -0.2386   0.2210  -0.9079  -0.2006 0.4136
1.1458  +0.4123  +0.9111  2714.8126  6243.5369  1234.2884  0.3865  -0.8805   0.2745  -0.1865  -0.3603   -0.9140  -0.9456  -0.2386   0.2210  -0.9096  -0.1886 0.4095
1.1584  +0.4008  +0.9162  2729.0127  6265.7676  1155.6832  0.3771  -0.8835   0.2779  -0.1822  -0.3601   -0.9149  -0.9456  -0.2386   0.2210  -0.9113  -0.1766 0.4057
1.1710  +0.3892  +0.9211  2742.7723  6287.0311  1076.8948  0.3686  -0.8861   0.2809  -0.1780  -0.3600   -0.9158  -0.9456  -0.2386   0.2210  -0.9129  -0.1645 0.4022
1.1836  +0.3776  +0.9260  2756.0894  6307.3239  997.9357  0.3609  -0.8884   0.2837  -0.1739  -0.3598   -0.9167  -0.9456  -0.2386   0.2210  -0.9145  -0.1525 0.3990
1.1962  +0.3659  +0.9307  2768.9618  6326.6425  918.8183  -0.3538  0.8904   -0.2863  -0.1698  -0.3597   -0.9175  0.9456  0.2386   -0.2210  -0.9160  0.1404 -0.3959
1.2088  +0.3542  +0.9352  2781.3874  6344.9838  839.5553  -0.3474  0.8922   -0.2888  -0.1658  -0.3595   -0.9183  0.9456  0.2386   -0.2210  -0.9175  0.1283 -0.3931
1.2214  +0.3423  +0.9396  2793.3644  6362.3446  760.1591  -0.3414  0.8937   -0.2911  -0.1619  -0.3594   -0.9191  0.9456  0.2386   -0.2210  -0.9189  0.1161 -0.3904
1.2340  +0.3305  +0.9438  2804.8908  6378.7219  680.6425  -0.3359  0.8951   -0.2933  -0.1579  -0.3592   -0.9198  0.9456  0.2386   -0.2210  -0.9203  0.1040 -0.3878
1.2466  +0.3186  +0.9479  2815.9647  6394.1132  601.0179  -0.3307  0.8963   -0.2953  -0.1541  -0.3591   -0.9205  0.9456  0.2386   -0.2210  -0.9216  0.0918 -0.3853
1.2592  +0.3066  +0.9518  2826.5843  6408.5157  521.2980  -0.3259  0.8974   -0.2973  -0.1502  -0.3590   -0.9212  0.9456  0.2386   -0.2210  -0.9229  0.0796 -0.3829
1.2717  +0.2946  +0.9556  2836.7481  6421.9271  441.4955  -0.3214  0.8984   -0.2992  -0.1464  -0.3589   -0.9218  0.9456  0.2386   -0.2210  -0.9241  0.0675 -0.3806
1.2843  +0.2826  +0.9593  2846.4543  6434.3451  361.6230  -0.3171  0.8994   -0.3011  -0.1426  -0.3587   -0.9225  0.9456  0.2386   -0.2210  -0.9252  0.0553 -0.3784
1.2969  +0.2705  +0.9627  2855.7014  6445.7677  281.6932  -0.3130  0.9002   -0.3028  -0.1389  -0.3586   -0.9231  0.9456  0.2386   -0.2210  -0.9263  0.0430 -0.3762
1.3095  +0.2583  +0.9661  2864.4878  6456.1930  201.7187  -0.3091  0.9010   -0.3046  -0.1351  -0.3585   -0.9237  0.9456  0.2386   -0.2210  -0.9273  0.0308 -0.3741
1.3221  +0.2461  +0.9692  2872.8123  6465.6193  121.7122  -0.3053  0.9017   -0.3063  -0.1314  -0.3584   -0.9243  0.9456  0.2386   -0.2210  -0.9282  0.0186 -0.3720
1.3347  +0.2339  +0.9723  2880.6733  6474.0449  41.6864  -0.3017  0.9023   -0.3079  -0.1277  -0.3583   -0.9248  0.9456  0.2386   -0.2210  -0.9291  0.0064 -0.3699
1.3473  +0.2216  +0.9751  2888.0697  6481.4686  38.3460  -0.2982  0.9029   -0.3095  -0.1240  -0.3582   -0.9254  0.9456  0.2386   -0.2210  -0.9299  -0.0059 -0.3679
1.3599  +0.2093  +0.9778  2895.0002  6487.8890  118.3723  -0.2948  0.9035   -0.3111  -0.1203  -0.3581   -0.9259  0.9456  0.2386   -0.2210  -0.9306  -0.0181 -0.3659
1.3725  +0.1970  +0.9804  2901.4636  6493.3052  198.3799  -0.2915  0.9040   -0.3127  -0.1166  -0.3579   -0.9264  0.9456  0.2386   -0.2210  -0.9313  -0.0303 -0.3640
1.3851  +0.1847  +0.9828  2907.4590  6497.7163  278.3559  -0.2883  0.9045   -0.3142  -0.1128  -0.3578   -0.9270  0.9456  0.2386   -0.2210  -0.9318  -0.0425 -0.3621
1.3977  +0.1723  +0.9850  2912.9853  6501.1215  358.2879  -0.2851  0.9050   -0.3158  -0.1091  -0.3577   -0.9275  0.9456  0.2386   -0.2210  -0.9324  -0.0547 -0.3602
1.4103  +0.1599  +0.9871  2918.0416  6503.5204  438.1631  -0.2819  0.9055   -0.3173  -0.1053  -0.3575   -0.9279  0.9456  0.2386   -0.2210  -0.9328  -0.0669 -0.3583
1.4228  +0.1474  +0.9891  2922.6270  6504.9125  517.9688  -0.2788  0.9059   -0.3188  -0.1016  -0.3574   -0.9284  0.9456  0.2386   -0.2210  -0.9332  -0.0791 -0.3564
1.4354  +0.1349  +0.9909  2926.7407  6505.2977  597.6923  -0.2756  0.9063   -0.3203  -0.0978  -0.3572   -0.9289  0.9456  0.2386   -0.2210  -0.9336  -0.0913 -0.3546
1.4480  +0.1225  +0.9925  2930.3821  6504.6760  677.3211  -0.2724  0.9067   -0.3219  -0.0940  -0.3571   -0.9293  0.9456  0.2386   -0.2210  -0.9338  -0.1035 -0.3528
1.4606  +0.1100  +0.9939  2933.5504  6503.0475  756.8425  -0.2692  0.9072   -0.3234  -0.0901  -0.3569   -0.9298  0.9456  0.2386   -0.2210  -0.9341  -0.1156 -0.3510
1.4732  +0.0974  +0.9952  2936.2452  6500.4125  836.2440  -0.2660  0.9076   -0.3249  -0.0862  -0.3567   -0.9302  0.9456  0.2386   -0.2210  -0.9342  -0.1278 -0.3493
1.4858  +0.0849  +0.9964  2938.4658  6496.7715  915.5128  -0.2626  0.9080   -0.3265  -0.0823  -0.3565   -0.9307  0.9456  0.2386   -0.2210  -0.9343  -0.1399 -0.3476
1.4984  +0.0723  +0.9974  2940.2119  6492.1253  994.6365  -0.2592  0.9084   -0.3281  -0.0783  -0.3563   -0.9311  0.9456  0.2386   -0.2210  -0.9343  -0.1520 -0.3460
1.5110  +0.0598  +0.9982  2941.4832  6486.4745  1073.6025  -0.2556  0.9088   -0.3297  -0.0742  -0.3561   -0.9315  0.9456  0.2386   -0.2210  -0.9343  -0.1640 -0.3444
1.5236  +0.0472  +0.9989  2942.2793  6479.8202  1152.3983  -0.2519  0.9093   -0.3313  -0.0701  -0.3559   -0.9319  0.9456  0.2386   -0.2210  -0.9342  -0.1761 -0.3428
1.5362  +0.0346  +0.9994  2942.5999  6472.1637  1231.0114  -0.2481  0.9097   -0.3330  -0.0660  -0.3556   -0.9323  0.9456  0.2386   -0.2210  -0.9340  -0.1881 -0.3414
1.5488  +0.0220  +0.9998  2942.4451  6463.5062  1309.4293  -0.2440  0.9102   -0.3347  -0.0617  -0.3553   -0.9327  0.9456  0.2386   -0.2210  -0.9338  -0.2001 -0.3400
1.5614  +0.0094  +1.0000  2941.8146  6453.8492  1387.6396  -0.2396  0.9107   -0.3365  -0.0574  -0.3550   -0.9331  0.9456  0.2386   -0.2210  -0.9336  -0.2120 -0.3387
1.5739  -0.0031  +1.0000  2940.7085  6443.1945  1465.6299  -0.2349  0.9112   -0.3383  -0.0530  -0.3547   -0.9335  0.9456  0.2386   -0.2210  -0.9333  -0.2239 -0.3375
1.5865  -0.0157  +0.9999  2939.1269  6431.5440  1543.3878  -0.2299  0.9118   -0.3402  -0.0485  -0.3544   -0.9338  0.9456  0.2386   -0.2210  -0.9330  -0.2358 -0.3365
1.5991  -0.0283  +0.9996  2937.0698  6418.8995  1620.9010  -0.2244  0.9125   -0.3422  -0.0440  -0.3540   -0.9342  0.9456  0.2386   -0.2210  -0.9326  -0.2476 -0.3357
1.6117  -0.0409  +0.9992  2934.5375  6405.2635  1698.1573  0.2183  -0.9131   0.3443  -0.0393  -0.3536   -0.9346  -0.9456  -0.2386   0.2210  -0.9322  0.2595 0.3350
1.6243  -0.0535  +0.9986  2931.5302  6390.6382  1775.1443  0.2116  -0.9139   0.3465  -0.0345  -0.3532   -0.9349  -0.9456  -0.2386   0.2210  -0.9317  0.2712 0.3347
1.6369  -0.0661  +0.9978  2928.0484  6375.0261  1851.8498  0.2040  -0.9147   0.3488  -0.0296  -0.3527   -0.9353  -0.9456  -0.2386   0.2210  -0.9313  0.2829 0.3346
1.6495  -0.0786  +0.9969  2924.0923  6358.4301  1928.2618  0.1953  -0.9156   0.3514  -0.0245  -0.3522   -0.9356  -0.9456  -0.2386   0.2210  -0.9308  0.2946 0.3349
1.6621  -0.0912  +0.9958  2919.6626  6340.8529  2004.3681  0.1853  -0.9166   0.3541  -0.0193  -0.3516   -0.9359  -0.9456  -0.2386   0.2210  -0.9303  0.3062 0.3358
1.6747  -0.1037  +0.9946  2914.7596  6322.2977  2080.1565  0.1736  -0.9178   0.3572  -0.0139  -0.3510   -0.9363  -0.9456  -0.2386   0.2210  -0.9298  0.3178 0.3373
1.6873  -0.1162  +0.9932  2909.3842  6302.7677  2155.6152  0.1595  -0.9190   0.3606  0.0084  0.3504   0.9366  0.9456  0.2386   -0.2210  0.9293  -0.3293 0.3396
1.6999  -0.1287  +0.9917  2903.5368  6282.2663  2230.7321  0.1423  -0.9203   0.3644  -0.0027  -0.3497   -0.9369  -0.9456  -0.2386   0.2210  -0.9287  0.3408 0.3431
1.7125  -0.1412  +0.9900  2897.2183  6260.7970  2305.4954  0.1206  -0.9216   0.3689  0.0032  -0.3489   -0.9372  -0.9456  -0.2386   0.2210  -0.9282  0.3522 0.3481
1.7250  -0.1536  +0.9881  2890.4296  6238.3637  2379.8931  0.0925  -0.9228   0.3741  0.0093  -0.3480   -0.9374  -0.9456  -0.2386   0.2210  -0.9277  0.3636 0.3554
1.7376  -0.1661  +0.9861  2883.1714  6214.9701  2453.9135  0.0544  -0.9233   0.3802  -0.0157  0.3471   0.9377  0.9456  0.2386   -0.2210  0.9273  -0.3749 0.3659
1.7502  -0.1785  +0.9839  2875.4447  6190.6206  2527.5448  0.0001  -0.9218   0.3877  -0.0223  0.3461   0.9379  0.9456  0.2386   -0.2210  0.9268  -0.3862 0.3814
1.7628  -0.1908  +0.9816  2867.2506  6165.3192  2600.7754  -0.0830  -0.9144   0.3962  -0.0292  0.3451   0.9381  0.9456  0.2386   -0.2210  0.9265  -0.3974 0.4048
1.7754  -0.2032  +0.9791  2858.5901  6139.0704  2673.5937  -0.2224  -0.8875   0.4036  -0.0363  0.3439   0.9383  0.9456  0.2386   -0.2210  0.9261  -0.4085 0.4404
1.7880  -0.2155  +0.9765  2849.4644  6111.8788  2745.9881  -0.4769  -0.7858   0.3937  -0.0438  0.3426   0.9385  0.9456  0.2386   -0.2210  0.9259  -0.4195 0.4873
1.8006  -0.2278  +0.9737  2839.8746  6083.7493  2817.9471  -0.8662  -0.4110   0.2842  -0.0517  0.3412   0.9386  0.9456  0.2386   -0.2210  0.9257  -0.4305 0.4741
1.8132  -0.2400  +0.9708  2889.4593  6054.6867  2829.8221  -0.9456  -0.2386   0.2210  -0.0600  0.3396   0.9387  0.9739  -0.2256   -0.0264  0.9256  -0.2594 0.4415
1.8258  -0.2522  +0.9677  2819.3081  6024.6962  2960.5135  0.8094  -0.5698   0.1422  -0.0686  0.3379   0.9387  0.9456  0.2386   -0.2210  0.9256  -0.4523 -0.0666
1.8384  -0.2644  +0.9644  2808.3341  5993.7831  3031.0982  0.6755  -0.7044   0.2178  -0.0778  0.3360   0.9386  0.9456  0.2386   -0.2210  0.9258  -0.4631 0.0314
1.8510  -0.2765  +0.9610  2796.9015  5961.9529  3101.2024  0.5900  -0.7658   0.2560  -0.0875  0.3339   0.9385  0.9456  0.2386   -0.2210  0.9261  -0.4738 0.0829
1.8635  -0.2886  +0.9575  2785.0117  5929.2112  3170.8149  0.5334  -0.7987   0.2785  -0.0977  0.3317   0.9383  0.9456  0.2386   -0.2210  0.9266  -0.4845 0.1128
1.8761  -0.3006  +0.9537  2772.6665  5895.5638  3239.9247  0.4938  -0.8186   0.2934  -0.1086  0.3291   0.9380  0.9456  0.2386   -0.2210  0.9273  -0.4950 0.1314
1.8887  -0.3126  +0.9499  2759.8673  5861.0167  3308.5208  0.4647  -0.8317   0.3040  -0.1202  0.3263   0.9376  0.9456  0.2386   -0.2210  0.9282  -0.5055 0.1435
1.9013  -0.3245  +0.9459  2746.6160  5825.5761  3376.5924  0.4425  -0.8407   0.3120  -0.1325  0.3232   0.9370  0.9456  0.2386   -0.2210  0.9293  -0.5159 0.1515
1.9139  -0.3364  +0.9417  2732.9141  5789.2484  3444.1287  0.4249  -0.8474   0.3185  0.1458  -0.3197   -0.9362  -0.9456  -0.2386   0.2210  -0.9307  0.5262 0.1569
1.9265  -0.3483  +0.9374  2718.7635  5752.0400  3511.1188  0.4108  -0.8523   0.3238  0.1600  -0.3158   -0.9352  -0.9456  -0.2386   0.2210  -0.9324  0.5364 0.1605
1.9391  -0.3600  +0.9329  2704.1660  5713.9577  3577.5523  0.3990  -0.8561   0.3283  0.1753  -0.3114   -0.9340  -0.9456  -0.2386   0.2210  -0.9344  0.5466 0.1626
1.9517  -0.3718  +0.9283  2689.1236  5675.0083  3643.4186  0.3892  -0.8591   0.3323  0.1919  -0.3065   -0.9323  -0.9456  -0.2386   0.2210  -0.9368  0.5567 0.1638
1.9643  -0.3834  +0.9236  2673.6381  5635.1990  3708.7073  0.3808  -0.8615   0.3359  0.2098  -0.3009   -0.9303  -0.9456  -0.2386   0.2210  -0.9396  0.5666 0.1642
1.9769  -0.3950  +0.9187  2657.7116  5594.5369  3773.4080  0.3735  -0.8634   0.3391  0.2294  -0.2946   -0.9277  -0.9456  -0.2386   0.2210  -0.9429  0.5765 0.1640
1.9895  -0.4065  +0.9136  5553.0295  2641.3460  3837.5104  -0.2507  0.2873   0.9244  0.3672  -0.8650   0.3421  -0.9456  -0.2386   0.2210  0.1633  0.5863 0.9465
2.0021  -0.4180  +0.9084  5510.6845  2624.5435  3901.0044  -0.2741  0.2791   0.9203  0.3616  -0.8662   0.3449  -0.9456  -0.2386   0.2210  0.1622  0.5960 0.9506
2.0146  -0.4294  +0.9031  5467.5095  2607.3061  3963.8799  -0.2998  0.2695   0.9151  0.3566  -0.8672   0.3476  -0.9456  -0.2386   0.2210  0.1608  0.6056 0.9552
2.0272  -0.4408  +0.8976  5423.5126  2589.6361  4026.1269  -0.3282  0.2585   0.9086  0.3522  -0.8680   0.3501  -0.9456  -0.2386   0.2210  0.1591  0.6151 0.9602
2.0398  -0.4520  +0.8920  5378.7020  2571.5356  4087.7357  -0.3597  0.2456   0.9002  0.3482  -0.8686   0.3526  -0.9456  -0.2386   0.2210  0.1571  0.6245 0.9655
2.0524  -0.4632  +0.8862  5333.0860  2553.0068  4148.6963  -0.3946  0.2305   0.8895  0.3445  -0.8691   0.3549  -0.9456  -0.2386   0.2210  0.1550  0.6339 0.9711
2.0650  -0.4743  +0.8803  5286.6732  2534.0521  4208.9992  -0.4334  0.2128   0.8757  0.3412  -0.8694   0.3572  -0.9456  -0.2386   0.2210  0.1526  0.6431 0.9765
2.0776  -0.4854  +0.8743  5239.4724  2514.6736  4268.6347  -0.4765  0.1918   0.8580  0.3382  -0.8697   0.3595  -0.9456  -0.2386   0.2210  0.1502  0.6522 0.9814
2.0902  -0.4964  +0.8681  5191.4925  2494.8738  4327.5935  -0.5244  0.1669   0.8350  0.3354  -0.8698   0.3618  -0.9456  -0.2386   0.2210  0.1476  0.6612 0.9851
2.1028  -0.5073  +0.8618  5142.7427  2474.6550  4385.8662  -0.5771  0.1373   0.8050  0.3329  -0.8699   0.3640  -0.9456  -0.2386   0.2210  0.1448  0.6701 0.9865
2.1154  -0.5181  +0.8553  5093.2324  2454.0196  4443.4435  -0.6345  0.1020   0.7661  0.3305  -0.8699   0.3662  -0.9456  -0.2386   0.2210  0.1420  0.6789 0.9840
2.1280  -0.5288  +0.8488  5042.9712  2432.9699  4500.3163  -0.6957  0.0604   0.7158  0.3283  -0.8698   0.3684  -0.9456  -0.2386   0.2210  0.1390  0.6876 0.9754
2.1406  -0.5394  +0.8420  4991.9688  2411.5083  4556.4757  -0.7588  0.0117   0.6512  0.3263  -0.8696   0.3705  -0.9456  -0.2386   0.2210  0.1360  0.6962 0.9577
2.1532  -0.5500  +0.8352  4940.2354  2389.6373  4611.9126  -0.8204  -0.0439   0.5701  0.3243  -0.8694   0.3727  -0.9456  -0.2386   0.2210  0.1329  0.7046 0.9274
2.1657  -0.5605  +0.8282  4887.7812  2367.3593  4666.6183  -0.8756  -0.1053   0.4714  0.3226  -0.8691   0.3749  -0.9456  -0.2386   0.2210  0.1297  0.7130 0.8812
2.1783  -0.5709  +0.8211  4834.6166  2344.6766  4720.5842  -0.9187  -0.1701   0.3564  0.3209  -0.8688   0.3772  -0.9456  -0.2386   0.2210  0.1265  0.7212 0.8170
2.1909  -0.5811  +0.8138  4780.7524  2321.5918  4773.8016  -0.9446  -0.2345   0.2294  -0.3193  0.8684   -0.3794  0.9456  0.2386   -0.2210  -0.1232  -0.7294 0.7357
2.2035  -0.5913  +0.8064  4826.2622  2298.1072  4726.1997  -0.9456  -0.2386   0.2210  0.3179  -0.8679   0.3817  -0.9506  -0.2946   0.0979  0.1198  0.6410 0.7374
2.2161  -0.6015  +0.7989  4670.9696  2274.2253  4877.9576  0.9373  0.3471   0.0303  0.3165  -0.8674   0.3840  -0.9456  -0.2386   0.2210  0.1164  0.7453 -0.5395
2.2287  -0.6115  +0.7913  4615.0737  2249.9483  4928.8796  0.9086  0.3903   0.1485  0.3152  -0.8669   0.3863  -0.9456  -0.2386   0.2210  0.1130  0.7531 -0.4381
2.2413  -0.6214  +0.7835  4558.5237  2225.2786  4979.0201  0.8696  0.4242   0.2528  0.3139  -0.8662   0.3887  -0.9456  -0.2386   0.2210  0.1095  0.7607 -0.3423
2.2539  -0.6312  +0.7756  4501.3319  2200.2186  5028.3713  0.8250  0.4499   0.3419  0.3128  -0.8656   0.3911  -0.9456  -0.2386   0.2210  0.1059  0.7683 -0.2556
2.2665  -0.6409  +0.7676  4443.5104  2174.7705  5076.9252  0.7788  0.4690   0.4166  0.3117  -0.8649   0.3935  -0.9456  -0.2386   0.2210  0.1023  0.7757 -0.1793
2.2791  -0.6505  +0.7595  4385.0721  2148.9366  5124.6742  0.7333  0.4829   0.4785  0.3106  -0.8641   0.3961  -0.9456  -0.2386   0.2210  0.0987  0.7830 -0.1136
2.2917  -0.6600  +0.7512  4326.0300  2122.7189  5171.6108  0.6901  0.4931   0.5297  0.3096  -0.8633   0.3986  -0.9456  -0.2386   0.2210  0.0951  0.7901 -0.0576
2.3043  -0.6694  +0.7429  4266.3975  2096.1195  5217.7273  0.6499  0.5005   0.5720  0.3087  -0.8624   0.4012  -0.9456  -0.2386   0.2210  0.0914  0.7972 -0.0101
2.3168  -0.6787  +0.7344  4206.1882  2069.1405  5263.0167  0.6127  0.5060   0.6070  0.3078  -0.8614   0.4039  -0.9456  -0.2386   0.2210  0.0877  0.8041 0.0299
2.3294  -0.6879  +0.7258  4145.4165  2041.7837  5307.4716  0.5787  0.5102   0.6362  0.3070  -0.8604   0.4067  -0.9456  -0.2386   0.2210  0.0840  0.8109 0.0636
2.3420  -0.6970  +0.7171  4084.0967  5351.0850  2014.0510  0.5477  0.5134   0.6606  -0.9456  -0.2386   0.2210  -0.3062  0.8594   -0.4095  0.8176  -0.0802 0.0920
2.3546  -0.7060  +0.7082  4022.2439  5393.8501  1985.9440  0.5193  0.5160   0.6812  -0.9456  -0.2386   0.2210  -0.3055  0.8583   -0.4124  0.8241  -0.0764 0.1158
2.3672  -0.7149  +0.6993  3959.8736  5435.7600  1957.4642  0.4934  0.5182   0.6986  -0.9456  -0.2386   0.2210  -0.3048  0.8571   -0.4154  0.8305  -0.0726 0.1358
2.3798  -0.7236  +0.6902  3897.0016  5476.8081  1928.6131  0.4696  0.5201   0.7134  -0.9456  -0.2386   0.2210  -0.3041  0.8558   -0.4185  0.8368  -0.0688 0.1526
2.3924  -0.7322  +0.6811  3833.6444  5516.9878  1899.3917  0.4478  0.5219   0.7260  -0.9456  -0.2386   0.2210  -0.3035  0.8545   -0.4216  0.8429  -0.0650 0.1666
2.4050  -0.7408  +0.6718  3769.8192  5556.2929  1869.8012  0.4277  0.5236   0.7369  -0.9456  -0.2386   0.2210  -0.3029  0.8531   -0.4249  0.8489  -0.0611 0.1782
2.4176  -0.7492  +0.6624  3705.5435  5594.7170  1839.8422  0.4090  0.5253   0.7462  -0.9456  -0.2386   0.2210  -0.3023  0.8516   -0.4283  0.8548  -0.0572 0.1878
2.4302  -0.7574  +0.6529  3640.8356  5632.2541  1809.5154  0.3917  0.5271   0.7541  -0.9456  -0.2386   0.2210  -0.3018  0.8500   -0.4318  0.8605  -0.0533 0.1957
2.4428  -0.7656  +0.6433  3575.7146  5668.8983  1778.8210  0.3756  0.5290   0.7610  -0.9456  -0.2386   0.2210  -0.3013  0.8484   -0.4354  0.8661  -0.0494 0.2020
2.4554  -0.7736  +0.6336  3510.2002  5704.6437  1747.7590  0.3605  0.5310   0.7669  -0.9456  -0.2386   0.2210  -0.3008  0.8466   -0.4391  0.8716  -0.0455 0.2070
2.4679  -0.7816  +0.6238  3444.3130  5739.4846  1716.3290  0.3464  0.5331   0.7719  -0.9456  -0.2386   0.2210  -0.3004  0.8447   -0.4429  0.8769  -0.0416 0.2109
2.4805  -0.7893  +0.6140  3378.0745  5773.4156  1684.5303  0.3330  0.5354   0.7762  -0.9456  -0.2386   0.2210  -0.3000  0.8428   -0.4469  0.8821  -0.0376 0.2137
2.4931  -0.7970  +0.6040  3311.5073  5806.4312  1652.3618  0.3204  0.5378   0.7798  -0.9456  -0.2386   0.2210  -0.2996  0.8407   -0.4511  0.8871  -0.0337 0.2156
2.5057  -0.8046  +0.5939  3244.6348  5838.5262  1619.8220  0.3085  0.5404   0.7828  -0.9456  -0.2386   0.2210  -0.2992  0.8385   -0.4554  0.8920  -0.0297 0.2167
2.5183  -0.8120  +0.5837  3177.4818  5869.6956  1586.9087  0.2971  0.5433   0.7852  -0.9456  -0.2386   0.2210  -0.2989  0.8362   -0.4599  0.8968  -0.0257 0.2171
2.5309  -0.8193  +0.5734  3110.0743  5899.9344  1553.6194  0.2862  0.5463   0.7872  -0.9456  -0.2386   0.2210  -0.2986  0.8337   -0.4645  0.9014  -0.0217 0.2169
2.5435  -0.8264  +0.5631  3042.4396  5929.2377  1519.9510  0.2758  0.5495   0.7886  -0.9456  -0.2386   0.2210  -0.2983  0.8311   -0.4693  0.9059  -0.0177 0.2161
2.5561  -0.8334  +0.5526  2974.6066  5957.6010  1485.8997  0.2658  0.5530   0.7896  -0.9456  -0.2386   0.2210  -0.2980  0.8284   -0.4743  0.9102  -0.0137 0.2149
2.5687  -0.8403  +0.5421  2906.6060  5985.0198  1451.4610  0.2561  0.5567   0.7902  -0.9456  -0.2386   0.2210  -0.2978  0.8254   -0.4796  0.9144  -0.0097 0.2132
2.5813  -0.8471  +0.5315  2838.4701  6011.4896  1416.6297  0.2468  0.5607   0.7904  -0.9456  -0.2386   0.2210  -0.2976  0.8223   -0.4850  0.9185  -0.0057 0.2110
2.5939  -0.8537  +0.5208  2770.2334  6037.0064  1381.4000  0.2377  0.5648   0.7902  -0.9456  -0.2386   0.2210  -0.2974  0.8190   -0.4907  0.9224  -0.0017 0.2086
2.6065  -0.8602  +0.5100  2701.9325  6061.5660  1345.7650  0.2289  0.5693   0.7896  -0.9456  -0.2386   0.2210  -0.2972  0.8155   -0.4966  0.9261  0.0024 0.2058
2.6190  -0.8665  +0.4991  2633.6065  6085.1646  1309.7170  0.2203  0.5740   0.7887  -0.9456  -0.2386   0.2210  -0.2970  0.8118   -0.5027  0.9297  0.0065 0.2027
2.6316  -0.8728  +0.4881  2565.2970  6107.7984  1273.2475  0.2118  0.5790   0.7873  -0.9456  -0.2386   0.2210  -0.2968  0.8079   -0.5091  0.9332  0.0105 0.1994
2.6442  -0.8788  +0.4771  2497.0487  6129.4639  1236.3469  0.2036  0.5843   0.7856  -0.9456  -0.2386   0.2210  -0.2967  0.8037   -0.5158  0.9365  0.0146 0.1959
2.6568  -0.8848  +0.4660  2428.9096  6150.1576  1199.0049  0.1954  0.5899   0.7835  -0.9456  -0.2386   0.2210  -0.2965  0.7993   -0.5227  0.9397  0.0187 0.1922
2.6694  -0.8906  +0.4548  2360.9309  6169.8761  1161.2102  0.1874  0.5957   0.7810  -0.9456  -0.2386   0.2210  -0.2963  0.7946   -0.5300  0.9427  0.0229 0.1883
2.6820  -0.8962  +0.4436  2293.1678  6188.6165  1122.9506  0.1795  0.6019   0.7782  -0.9456  -0.2386   0.2210  -0.2962  0.7896   -0.5375  0.9455  0.0270 0.1843
2.6946  -0.9017  +0.4323  2225.6797  6206.3757  1084.2132  0.1716  0.6083   0.7749  -0.9456  -0.2386   0.2210  -0.2960  0.7843   -0.5452  0.9482  0.0312 0.1802
2.7072  -0.9071  +0.4209  2158.5305  6223.1509  1044.9848  0.1638  0.6150   0.7713  -0.9456  -0.2386   0.2210  -0.2958  0.7787   -0.5533  0.9508  0.0354 0.1760
2.7198  -0.9123  +0.4094  2091.7889  6238.9395  1005.2517  0.1561  0.6220   0.7673  -0.9456  -0.2386   0.2210  -0.2955  0.7728   -0.5616  0.9532  0.0397 0.1718
2.7324  -0.9174  +0.3979  2025.5292  6253.7389  965.0007  0.1484  0.6292   0.7629  -0.9456  -0.2386   0.2210  -0.2953  0.7667   -0.5701  0.9555  0.0440 0.1674
2.7450  -0.9224  +0.3863  1959.8311  6267.5468  924.2191  0.1407  0.6367   0.7582  -0.9456  -0.2386   0.2210  -0.2949  0.7602   -0.5789  0.9576  0.0484 0.1631
2.7576  -0.9272  +0.3747  1894.7807  6280.3611  882.8960  0.1331  0.6444   0.7530  -0.9456  -0.2386   0.2210  -0.2946  0.7534   -0.5879  0.9595  0.0528 0.1587
2.7701  -0.9318  +0.3630  1830.4706  6292.1796  841.0228  0.1255  0.6522   0.7476  -0.9456  -0.2386   0.2210  -0.2941  0.7463   -0.5971  0.9614  0.0573 0.1544
2.7827  -0.9363  +0.3512  1767.0005  6303.0005  798.5948  0.1180  0.6601   0.7418  0.9456  0.2386   -0.2210  0.2936  -0.7390   0.6063  -0.9630  -0.0619 0.1500
2.7953  -0.9406  +0.3394  1704.4781  6312.8221  755.6131  0.1106  0.6681   0.7358  0.9456  0.2386   -0.2210  0.2929  -0.7316   0.6156  -0.9645  -0.0666 0.1457
2.8079  -0.9448  +0.3275  1643.0189  6321.6428  712.0861  0.1033  0.6760   0.7296  0.9456  0.2386   -0.2210  0.2922  -0.7240   0.6248  -0.9659  -0.0714 0.1414
2.8205  -0.9489  +0.3156  1582.7481  6329.4613  668.0324  0.0961  0.6838   0.7234  0.9456  0.2386   -0.2210  0.2913  -0.7164   0.6339  -0.9670  -0.0764 0.1371
2.8331  -0.9528  +0.3036  1523.8009  6336.2762  623.4842  0.0891  0.6912   0.7171  0.9456  0.2386   -0.2210  0.2903  -0.7090   0.6427  -0.9681  -0.0815 0.1328
2.8457  -0.9565  +0.2916  1466.3246  6342.0866  578.4909  0.0824  0.6983   0.7111  0.9456  0.2386   -0.2210  0.2892  -0.7018   0.6510  -0.9690  -0.0868 0.1286
2.8583  -0.9601  +0.2795  1410.4801  6346.8915  533.1236  0.0759  0.7048   0.7054  0.9456  0.2386   -0.2210  0.2879  -0.6951   0.6588  -0.9697  -0.0923 0.1243
2.8709  -0.9636  +0.2674  1356.4455  6350.6901  487.4810  0.0698  0.7104   0.7003  0.9456  0.2386   -0.2210  0.2864  -0.6890   0.6658  -0.9703  -0.0980 0.1200
2.8835  -0.9669  +0.2553  1304.4195  6353.4818  441.6956  0.0643  0.7151   0.6960  0.9456  0.2386   -0.2210  0.2848  -0.6839   0.6717  -0.9707  -0.1039 0.1155
2.8961  -0.9700  +0.2431  1254.6272  6355.2662  395.9417  0.0593  0.7186   0.6929  0.9456  0.2386   -0.2210  0.2830  -0.6801   0.6763  -0.9710  -0.1101 0.1109
2.9086  -0.9730  +0.2308  1207.3269  6356.0430  350.4438  0.0550  0.7205   0.6913  0.9456  0.2386   -0.2210  0.2810  -0.6779   0.6794  -0.9711  -0.1166 0.1061
2.9212  -0.9758  +0.2186  1162.8189  6355.8121  305.4871  0.0515  0.7205   0.6915  0.9456  0.2386   -0.2210  0.2789  -0.6776   0.6805  -0.9711  -0.1234 0.1009
2.9338  -0.9785  +0.2063  1121.4560  6354.5735  261.4280  0.0489  0.7183   0.6940  0.9456  0.2386   -0.2210  0.2766  -0.6797   0.6793  -0.9709  -0.1305 0.0953
2.9464  -0.9810  +0.1939  1083.6544  6352.3275  218.7054  0.0475  0.7134   0.6991  0.9456  0.2386   -0.2210  0.2741  -0.6846   0.6754  -0.9705  -0.1379 0.0890
2.9590  -0.9834  +0.1816  1049.9037  6349.0743  177.8498  0.0472  0.7054   0.7072  0.9456  0.2386   -0.2210  0.2714  -0.6926   0.6683  -0.9700  -0.1456 0.0820
2.9716  -0.9856  +0.1692  1020.7720  6344.8144  139.4865  0.0482  0.6939   0.7184  0.9456  0.2386   -0.2210  0.2686  -0.7039   0.6575  -0.9694  -0.1535 0.0740
2.9842  -0.9876  +0.1567  996.9010  6339.5487  104.3289  0.0506  0.6784   0.7329  0.9456  0.2386   -0.2210  0.2655  -0.7186   0.6427  -0.9686  -0.1614 0.0649
2.9968  -0.9895  +0.1443  978.9818  6333.2778  73.1521  0.0543  0.6586   0.7505  0.9456  0.2386   -0.2210  0.2621  -0.7365   0.6236  -0.9676  -0.1694 0.0546
3.0094  -0.9913  +0.1318  967.7060  6326.0029  46.7408  0.0591  0.6345   0.7706  0.9456  0.2386   -0.2210  0.2584  -0.7570   0.6002  -0.9665  -0.1770 0.0430
3.0220  -0.9929  +0.1193  963.6881  6317.7249  25.8098  0.0649  0.6065   0.7925  0.9456  0.2386   -0.2210  0.2544  -0.7793   0.5727  -0.9653  -0.1842 0.0301
3.0346  -0.9943  +0.1068  967.3713  6308.4454  10.9071  0.0712  0.5751   0.8149  0.9456  0.2386   -0.2210  0.2500  -0.8023   0.5421  -0.9638  -0.1907 0.0163
3.0472  -0.9955  +0.0943  978.9414  6298.1656  2.3254  0.0776  0.5418   0.8369  0.9456  0.2386   -0.2210  0.2455  -0.8247   0.5095  -0.9623  -0.1964 0.0017
3.0597  -0.9967  +0.0818  998.2800  6286.8873  0.0534  0.0836  0.5078   0.8574  -0.9456  -0.2386   0.2210  -0.2409  0.8456   -0.4763  0.9605  0.2011 -0.0133
3.0723  -0.9976  +0.0692  1024.9788  6274.6123  3.7888  0.0890  0.4746   0.8757  -0.9456  -0.2386   0.2210  -0.2363  0.8643   -0.4440  0.9587  0.2050 -0.0282
3.0849  -0.9984  +0.0566  1058.4077  6261.3424  13.0047  0.0933  0.4433   0.8915  -0.9456  -0.2386   0.2210  -0.2320  0.8803   -0.4138  0.9566  0.2081 -0.0427
3.0975  -0.9990  +0.0441  1097.8104  6247.0799  27.0443  0.0966  0.4148   0.9048  -0.9456  -0.2386   0.2210  -0.2279  0.8938   -0.3863  0.9545  0.2107 -0.0567
3.1101  -0.9995  +0.0315  1142.3953  6231.8269  45.2114  0.0989  0.3894   0.9158  -0.9456  -0.2386   0.2210  -0.2243  0.9048   -0.3620  0.9521  0.2128 -0.0700
3.1227  -0.9998  +0.0189  1191.4028  6215.5858  66.8366  0.1000  0.3672   0.9248  -0.9456  -0.2386   0.2210  -0.2211  0.9137   -0.3409  0.9497  0.2146 -0.0826
3.1353  -1.0000  +0.0063  1244.1447  6198.3593  91.3175  0.1003  0.3480   0.9321  -0.9456  -0.2386   0.2210  -0.2183  0.9209   -0.3229  0.9470  0.2163 -0.0944
3.1479  -1.0000  -0.0063  1300.0205  6180.1501  118.1336  0.0997  0.3316   0.9381  -0.9456  -0.2386   0.2210  -0.2159  0.9267   -0.3077  0.9442  0.2178 -0.1056
3.1605  -0.9998  -0.0189  1358.5181  6160.9611  146.8482  0.0984  0.3178   0.9431  -0.9456  -0.2386   0.2210  -0.2138  0.9312   -0.2950  0.9413  0.2194 -0.1162
3.1731  -0.9995  -0.0315  1419.2066  6140.7953  177.1006  0.0965  0.3060   0.9471  -0.9456  -0.2386   0.2210  -0.2121  0.9349   -0.2845  0.9382  0.2209 -0.1262
3.1857  -0.9990  -0.0441  1481.7261  6119.6559  208.5963  0.0940  0.2961   0.9505  -0.9456  -0.2386   0.2210  -0.2105  0.9378   -0.2759  0.9350  0.2225 -0.1358
3.1983  -0.9984  -0.0566  1545.7761  6097.5462  241.0958  0.0910  0.2878   0.9534  -0.9456  -0.2386   0.2210  -0.2092  0.9402   -0.2689  0.9316  0.2241 -0.1449
3.2108  -0.9976  -0.0692  1611.1055  6074.4698  274.4044  0.0876  0.2807   0.9558  -0.9456  -0.2386   0.2210  -0.2080  0.9421   -0.2632  0.9281  0.2257 -0.1536
3.2234  -0.9967  -0.0818  1677.5035  6050.4303  308.3639  0.0839  0.2748   0.9578  -0.9456  -0.2386   0.2210  -0.2070  0.9435   -0.2586  0.9244  0.2275 -0.1619
3.2360  -0.9955  -0.0943  1744.7921  6025.4316  342.8454  0.0797  0.2697   0.9596  -0.9456  -0.2386   0.2210  -0.2061  0.9447   -0.2550  0.9206  0.2292 -0.1699
3.2486  -0.9943  -0.1068  1812.8203  5999.4776  377.7429  0.0753  0.2655   0.9612  -0.9456  -0.2386   0.2210  -0.2053  0.9457   -0.2522  0.9166  0.2310 -0.1775
3.2612  -0.9929  -0.1193  1881.4587  5972.5723  412.9696  0.0705  0.2618   0.9625  -0.9456  -0.2386   0.2210  -0.2045  0.9464   -0.2500  0.9125  0.2329 -0.1849
3.2738  -0.9913  -0.1318  1950.5961  5944.7202  448.4531  0.0655  0.2586   0.9638  -0.9456  -0.2386   0.2210  -0.2038  0.9470   -0.2484  0.9083  0.2348 -0.1919
3.2864  -0.9895  -0.1443  2020.1355  5915.9255  484.1333  0.0601  0.2559   0.9648  -0.9456  -0.2386   0.2210  -0.2031  0.9474   -0.2473  0.9039  0.2367 -0.1987
3.2990  -0.9876  -0.1567  2089.9925  5886.1929  519.9597  0.0544  0.2534   0.9658  -0.9456  -0.2386   0.2210  -0.2024  0.9477   -0.2467  0.8993  0.2386 -0.2051
3.3116  -0.9856  -0.1692  2160.0926  5855.5271  555.8896  0.0485  0.2513   0.9667  -0.9456  -0.2386   0.2210  -0.2018  0.9480   -0.2463  0.8946  0.2405 -0.2113
3.3242  -0.9834  -0.1816  2230.3696  5823.9329  591.8865  0.0422  0.2493   0.9675  -0.9456  -0.2386   0.2210  -0.2011  0.9481   -0.2462  0.8898  0.2425 -0.2171
3.3368  -0.9810  -0.1939  2300.7646  5791.4154  627.9194  0.0355  0.2475   0.9682  -0.9456  -0.2386   0.2210  -0.2005  0.9482   -0.2464  0.8848  0.2445 -0.2226
3.3494  -0.9785  -0.2063  2371.2242  5757.9796  663.9610  0.0286  0.2458   0.9689  -0.9456  -0.2386   0.2210  -0.1998  0.9482   -0.2468  0.8797  0.2465 -0.2278
3.3619  -0.9758  -0.2186  2441.7007  5723.6310  699.9880  0.0212  0.2441   0.9695  -0.9456  -0.2386   0.2210  -0.1992  0.9482   -0.2473  0.8745  0.2484 -0.2326
3.3745  -0.9730  -0.2308  2512.1501  5688.3749  735.9796  0.0134  0.2424   0.9701  0.9456  0.2386   -0.2210  0.1985  -0.9482   0.2480  -0.8691  -0.2504 -0.2370
3.3871  -0.9700  -0.2431  2582.5326  5652.2169  771.9174  0.0052  0.2407   0.9706  0.9456  0.2386   -0.2210  0.1978  -0.9481   0.2489  -0.8636  -0.2523 -0.2410
3.3997  -0.9669  -0.2553  2652.8111  5615.1628  807.7852  -0.0035  0.2390   0.9710  0.9456  0.2386   -0.2210  0.1970  -0.9480   0.2498  -0.8579  -0.2543 -0.2445
3.4123  -0.9636  -0.2674  2722.9518  5577.2184  843.5682  -0.0127  0.2372   0.9714  0.9456  0.2386   -0.2210  0.1963  -0.9479   0.2508  -0.8521  -0.2562 -0.2475
3.4249  -0.9601  -0.2795  2792.9228  5538.3899  879.2531  -0.0226  0.2352   0.9717  -0.9456  -0.2386   0.2210  -0.1955  0.9478   -0.2519  0.8462  0.2581 -0.2499
3.4375  -0.9565  -0.2916  2862.6947  5498.6832  914.8277  -0.0331  0.2330   0.9719  -0.9456  -0.2386   0.2210  -0.1946  0.9477   -0.2531  0.8401  0.2600 -0.2517
3.4501  -0.9528  -0.3036  2932.2397  5458.1047  950.2809  -0.0444  0.2307   0.9720  -0.9456  -0.2386   0.2210  -0.1937  0.9475   -0.2543  0.8339  0.2618 -0.2528
3.4627  -0.9489  -0.3156  3001.5318  5416.6609  985.6022  -0.0565  0.2281   0.9720  -0.9456  -0.2386   0.2210  -0.1928  0.9474   -0.2555  0.8276  0.2636 -0.2531
3.4753  -0.9448  -0.3275  3070.5462  5374.3583  1020.7821  -0.0696  0.2251   0.9718  -0.9456  -0.2386   0.2210  -0.1919  0.9472   -0.2568  0.8211  0.2654 -0.2525
3.4879  -0.9406  -0.3394  3139.2597  5331.2036  1055.8114  -0.0838  0.2218   0.9715  -0.9456  -0.2386   0.2210  -0.1908  0.9471   -0.2582  0.8145  0.2671 -0.2508
3.5005  -0.9363  -0.3512  3207.6501  5287.2037  1090.6817  -0.0993  0.2181   0.9709  -0.9456  -0.2386   0.2210  -0.1898  0.9469   -0.2595  0.8078  0.2688 -0.2480
3.5130  -0.9318  -0.3630  3275.6961  5242.3655  1125.3849  -0.1162  0.2138   0.9699  -0.9456  -0.2386   0.2210  -0.1886  0.9468   -0.2609  0.8010  0.2705 -0.2438
3.5256  -0.9272  -0.3747  3343.3776  5196.6961  1159.9132  -0.1348  0.2089   0.9686  -0.9456  -0.2386   0.2210  -0.1875  0.9466   -0.2623  0.7940  0.2721 -0.2379
3.5382  -0.9224  -0.3863  3410.6752  5150.2029  1194.2594  -0.1553  0.2032   0.9667  -0.9456  -0.2386   0.2210  -0.1862  0.9465   -0.2637  0.7869  0.2736 -0.2302
3.5508  -0.9174  -0.3979  3477.5702  5102.8931  1228.4163  -0.1782  0.1966   0.9642  -0.9456  -0.2386   0.2210  -0.1849  0.9463   -0.2651  0.7796  0.2751 -0.2202
3.5634  -0.9123  -0.4094  3544.0446  5054.7743  1262.3772  -0.2037  0.1889   0.9606  -0.9456  -0.2386   0.2210  -0.1835  0.9462   -0.2666  0.7723  0.2766 -0.2074
3.5760  -0.9071  -0.4209  3610.0813  5005.8540  1296.1355  -0.2324  0.1798   0.9558  -0.9456  -0.2386   0.2210  -0.1821  0.9461   -0.2680  0.7648  0.2780 -0.1914
3.5886  -0.9017  -0.4323  3675.6634  4956.1401  1329.6848  -0.2650  0.1690   0.9493  -0.9456  -0.2386   0.2210  -0.1805  0.9459   -0.2695  0.7572  0.2793 -0.1714
3.6012  -0.8962  -0.4436  3740.7748  4905.6405  1363.0189  -0.3020  0.1562   0.9404  -0.9456  -0.2386   0.2210  -0.1789  0.9458   -0.2710  0.7495  0.2805 -0.1465
3.6138  -0.8906  -0.4548  3805.3998  1396.1317  4854.3631  -0.3444  0.1407   0.9282  0.1772  -0.9457   0.2725  -0.9456  -0.2386   0.2210  -0.2817  0.7417 -0.1155
3.6264  -0.8848  -0.4660  3869.5231  1429.0175  4802.3160  -0.3931  0.1219   0.9114  0.1754  -0.9456   0.2740  -0.9456  -0.2386   0.2210  -0.2828  0.7337 -0.0769
3.6390  -0.8788  -0.4771  3933.1301  1461.6703  4749.5075  -0.4493  0.0989   0.8879  0.1734  -0.9455   0.2755  -0.9456  -0.2386   0.2210  -0.2839  0.7257 -0.0288
3.6516  -0.8728  -0.4881  3996.2063  1494.0846  4695.9461  -0.5137  0.0706   0.8550  0.1714  -0.9455   0.2770  -0.9456  -0.2386   0.2210  -0.2848  0.7175 0.0310
3.6641  -0.8665  -0.4991  4058.7376  1526.2549  4641.6401  -0.5869  0.0358   0.8089  0.1692  -0.9454   0.2785  -0.9456  -0.2386   0.2210  -0.2857  0.7092 0.1049
3.6767  -0.8602  -0.5100  4120.7105  1558.1756  4586.5982  -0.6680  -0.0068   0.7442  0.1669  -0.9453   0.2801  -0.9456  -0.2386   0.2210  -0.2864  0.7008 0.1951
3.6893  -0.8537  -0.5208  4182.1116  1589.8415  4530.8292  -0.7535  -0.0578   0.6550  0.1645  -0.9453   0.2817  -0.9456  -0.2386   0.2210  -0.2871  0.6922 0.3022
3.7019  -0.8471  -0.5315  4242.9279  1621.2473  4474.3417  -0.8361  -0.1164   0.5361  0.1619  -0.9453   0.2832  -0.9456  -0.2386   0.2210  -0.2876  0.6836 0.4233
3.7145  -0.8403  -0.5421  4303.1466  1652.3878  4417.1449  -0.9044  -0.1792   0.3871  0.1591  -0.9453   0.2849  -0.9456  -0.2386   0.2210  -0.2881  0.6749 0.5502
3.7271  -0.8334  -0.5526  4359.2478  1683.2579  4362.7554  -0.9456  -0.2386   0.2210  0.1561  -0.9453   0.2865  -0.9464  -0.2403   0.2156  -0.2884  0.6696 0.6660
3.7397  -0.8264  -0.5631  4300.6596  1713.8526  4421.7422  -0.9456  -0.2386   0.2210  0.1529  -0.9453   0.2881  -0.9553  -0.2933   0.0374  -0.2886  0.7684 0.6571
3.7523  -0.8193  -0.5734  4480.0949  1744.1670  4241.3895  0.9336  0.3339   0.1300  0.1494  -0.9453   0.2898  -0.9456  -0.2386   0.2210  -0.2886  0.6480 -0.8394
3.7649  -0.8120  -0.5837  4537.8021  1774.1961  4181.4469  0.8908  0.3618   0.2748  0.1457  -0.9454   0.2915  -0.9456  -0.2386   0.2210  -0.2885  0.6389 -0.8837
3.7775  -0.8046  -0.5939  4594.8522  1803.9352  4120.8414  0.8376  0.3791   0.3933  0.1417  -0.9455   0.2933  -0.9456  -0.2386   0.2210  -0.2882  0.6296 -0.9075
3.7901  -0.7970  -0.6040  4651.2342  1833.3795  4059.5826  0.7818  0.3889   0.4873  0.1374  -0.9455   0.2951  -0.9456  -0.2386   0.2210  -0.2877  0.6202 -0.9174
3.8026  -0.7893  -0.6140  4706.9371  1862.5243  3997.6801  0.7281  0.3938   0.5610  0.1327  -0.9456   0.2969  -0.9456  -0.2386   0.2210  -0.2871  0.6108 -0.9192
3.8152  -0.7816  -0.6238  4761.9501  1891.3649  3935.1439  0.6787  0.3955   0.6188  0.1276  -0.9457   0.2988  -0.9456  -0.2386   0.2210  -0.2861  0.6012 -0.9165
3.8278  -0.7736  -0.6336  4816.2629  1919.8968  3871.9837  0.6342  0.3954   0.6644  0.1220  -0.9459   0.3008  -0.9456  -0.2386   0.2210  -0.2850  0.5916 -0.9117
3.8404  -0.7656  -0.6433  4869.8651  1948.1154  3808.2096  0.5945  0.3942   0.7008  0.1159  -0.9460   0.3028  -0.9456  -0.2386   0.2210  -0.2835  0.5818 -0.9060
3.8530  -0.7574  -0.6529  4922.7467  1976.0164  3743.8318  0.5593  0.3924   0.7302  0.1091  -0.9461   0.3049  -0.9456  -0.2386   0.2210  -0.2817  0.5720 -0.9004
3.8656  -0.7492  -0.6624  4974.8977  2003.5953  3678.8604  0.5280  0.3904   0.7542  0.1015  -0.9462   0.3071  -0.9456  -0.2386   0.2210  -0.2795  0.5621 -0.8951
3.8782  -0.7408  -0.6718  5026.3084  2030.8477  3613.3057  0.5001  0.3883   0.7740  0.0932  -0.9463   0.3094  -0.9456  -0.2386   0.2210  -0.2769  0.5521 -0.8905
3.8908  -0.7322  -0.6811  5076.9694  2057.7693  3547.1782  0.4752  0.3861   0.7906  0.0838  -0.9464   0.3119  -0.9456  -0.2386   0.2210  -0.2737  0.5420 -0.8864
3.9034  -0.7236  -0.6902  5126.8714  2084.3560  3480.4883  0.4528  0.3841   0.8046  0.0731  -0.9464   0.3145  -0.9456  -0.2386   0.2210  -0.2700  0.5318 -0.8830
3.9160  -0.7149  -0.6993  5176.0052  2110.6036  3413.2465  0.4326  0.3821   0.8166  0.0610  -0.9464   0.3172  -0.9456  -0.2386   0.2210  -0.2655  0.5215 -0.8803
3.9286  -0.7060  -0.7082  2136.5078  5224.3619  3345.4636  0.0472  -0.9462   0.3202  -0.4143  -0.3803   -0.8269  -0.9456  -0.2386   0.2210  0.8781  0.5111 -0.2601
3.9412  -0.6970  -0.7171  2162.0648  5271.9328  3277.1503  0.0311  -0.9458   0.3234  -0.3976  -0.3786   -0.8358  -0.9456  -0.2386   0.2210  0.8765  0.5007 -0.2535
3.9537  -0.6879  -0.7258  2187.2704  5318.7092  3208.3175  0.0122  -0.9450   0.3269  0.3823  0.3770   0.8436  0.9456  0.2386   -0.2210  -0.8753  -0.4902 -0.2456
3.9663  -0.6787  -0.7344  2212.1207  5364.6828  3138.9759  -0.0102  -0.9437   0.3306  0.3683  0.3755   0.8505  0.9456  0.2386   -0.2210  -0.8745  -0.4796 -0.2359
3.9789  -0.6694  -0.7429  2236.6118  5409.8454  3069.1367  -0.0373  -0.9416   0.3348  -0.3553  -0.3742   -0.8566  -0.9456  -0.2386   0.2210  0.8742  0.4689 -0.2237
3.9915  -0.6600  -0.7512  2260.7398  5454.1889  2998.8109  -0.0704  -0.9380   0.3393  -0.3433  -0.3729   -0.8620  -0.9456  -0.2386   0.2210  0.8742  0.4582 -0.2084
4.0041  -0.6505  -0.7595  2284.5011  5497.7054  2928.0097  -0.1119  -0.9322   0.3442  -0.3321  -0.3718   -0.8669  -0.9456  -0.2386   0.2210  0.8744  0.4474 -0.1886
4.0167  -0.6409  -0.7676  2307.8919  5540.3872  2856.7442  -0.1651  -0.9224   0.3493  -0.3217  -0.3707   -0.8712  -0.9456  -0.2386   0.2210  0.8750  0.4365 -0.1623
4.0293  -0.6312  -0.7756  2330.9084  5582.2269  2785.0258  -0.2348  -0.9052   0.3542  -0.3119  -0.3698   -0.8752  -0.9456  -0.2386   0.2210  0.8757  0.4255 -0.1265
4.0419  -0.6214  -0.7835  2353.5472  5623.2170  2712.8658  -0.3285  -0.8742   0.3575  -0.3027  -0.3689   -0.8788  -0.9456  -0.2386   0.2210  0.8767  0.4145 -0.0760
4.0545  -0.6115  -0.7913  2375.8046  5663.3503  2640.2758  -0.4562  -0.8156   0.3558  -0.2941  -0.3680   -0.8821  -0.9456  -0.2386   0.2210  0.8778  0.4034 -0.0026
4.0671  -0.6015  -0.7989  2397.6771  5702.6200  2567.2671  -0.6261  -0.7016   0.3402  -0.2859  -0.3673   -0.8851  -0.9456  -0.2386   0.2210  0.8791  0.3922 0.1048
4.0797  -0.5913  -0.8064  2419.1614  5741.0189  2493.8514  -0.8220  -0.4886   0.2926  -0.2782  -0.3666   -0.8878  -0.9456  -0.2386   0.2210  0.8805  0.3810 0.2501
4.0923  -0.5811  -0.8138  2420.0404  5778.5407  2440.2541  -0.9456  -0.2386   0.2210  -0.2708  -0.3659   -0.8904  -0.9668  -0.1629   0.1968  0.8820  0.4017 0.3697
4.1048  -0.5709  -0.8211  2345.8456  5815.1786  2460.9519  -0.9456  -0.2386   0.2210  -0.2638  -0.3653   -0.8927  -0.9808  0.1799   0.0755  0.8836  0.4979 0.3584
4.1174  -0.5605  -0.8282  2481.2514  5850.9263  2271.2789  0.9014  -0.4321   0.0272  -0.2571  -0.3648   -0.8949  -0.9456  -0.2386   0.2210  0.8852  0.3470 -0.5277
4.1300  -0.5500  -0.8352  2501.1496  5885.7777  2196.3521  0.8031  -0.5877   0.0980  -0.2506  -0.3643   -0.8969  -0.9456  -0.2386   0.2210  0.8869  0.3356 -0.5236
4.1426  -0.5394  -0.8420  2520.6434  5919.7268  2121.0771  0.7174  -0.6814   0.1449  -0.2445  -0.3638   -0.8988  -0.9456  -0.2386   0.2210  0.8887  0.3241 -0.5090
4.1552  -0.5288  -0.8488  2539.7295  5952.7677  2045.4658  0.6491  -0.7399   0.1767  -0.2386  -0.3634   -0.9006  -0.9456  -0.2386   0.2210  0.8905  0.3125 -0.4932
4.1678  -0.5181  -0.8553  2558.4052  5984.8948  1969.5302  0.5953  -0.7784   0.1992  -0.2329  -0.3630   -0.9022  -0.9456  -0.2386   0.2210  0.8924  0.3009 -0.4788
4.1804  -0.5073  -0.8618  2576.6673  6016.1024  1893.2824  0.5526  -0.8050   0.2158  -0.2274  -0.3626   -0.9038  -0.9456  -0.2386   0.2210  0.8942  0.2893 -0.4663
4.1930  -0.4964  -0.8681  2594.5131  6046.3854  1816.7344  0.5183  -0.8241   0.2285  -0.2220  -0.3622   -0.9053  -0.9456  -0.2386   0.2210  0.8961  0.2776 -0.4556
4.2056  -0.4854  -0.8743  2611.9397  6075.7384  1739.8983  0.4902  -0.8383   0.2386  -0.2169  -0.3619   -0.9066  -0.9456  -0.2386   0.2210  0.8979  0.2658 -0.4465
4.2182  -0.4743  -0.8803  2628.9445  6104.1565  1662.7864  0.4668  -0.8492   0.2468  -0.2119  -0.3616   -0.9079  -0.9456  -0.2386   0.2210  0.8998  0.2540 -0.4387
4.2308  -0.4632  -0.8862  2645.5246  6131.6349  1585.4108  0.4471  -0.8578   0.2536  -0.2070  -0.3614   -0.9092  -0.9456  -0.2386   0.2210  0.9016  0.2422 -0.4318
4.2434  -0.4520  -0.8920  2661.6776  6158.1689  1507.7840  0.4302  -0.8646   0.2594  -0.2023  -0.3611   -0.9103  -0.9456  -0.2386   0.2210  0.9034  0.2304 -0.4259
4.2559  -0.4408  -0.8976  2677.4008  6183.7539  1429.9180  0.4157  -0.8702   0.2644  -0.1976  -0.3609   -0.9114  -0.9456  -0.2386   0.2210  0.9052  0.2185 -0.4205
4.2685  -0.4294  -0.9031  2692.6918  6208.3857  1351.8254  0.4029  -0.8749   0.2688  -0.1931  -0.3606   -0.9125  -0.9456  -0.2386   0.2210  0.9070  0.2065 -0.4158
4.2811  -0.4180  -0.9084  2707.5482  6232.0600  1273.5184  0.3917  -0.8788   0.2727  -0.1887  -0.3604   -0.9135  -0.9456  -0.2386   0.2210  0.9087  0.1946 -0.4115
4.2937  -0.4065  -0.9136  2721.9675  6254.7729  1195.0095  0.3817  -0.8821   0.2762  -0.1844  -0.3602   -0.9145  -0.9456  -0.2386   0.2210  0.9104  0.1826 -0.4075
4.3063  -0.3950  -0.9187  2735.9477  6276.5204  1116.3111  0.3727  -0.8849   0.2794  -0.1801  -0.3601   -0.9154  -0.9456  -0.2386   0.2210  0.9121  0.1706 -0.4039
4.3189  -0.3834  -0.9236  2749.4863  6297.2991  1037.4358  0.3646  -0.8873   0.2823  -0.1760  -0.3599   -0.9163  -0.9456  -0.2386   0.2210  0.9137  0.1585 -0.4006
4.3315  -0.3718  -0.9283  2762.5813  6317.1052  958.3960  0.3573  -0.8894   0.2851  -0.1719  -0.3597   -0.9171  -0.9456  -0.2386   0.2210  0.9153  0.1464 -0.3974
4.3441  -0.3600  -0.9329  2775.2306  6335.9355  879.2042  -0.3505  0.8913   -0.2876  -0.1678  -0.3596   -0.9179  0.9456  0.2386   -0.2210  0.9168  -0.1343 0.3945
4.3567  -0.3483  -0.9374  2787.4321  6353.7869  799.8730  -0.3443  0.8930   -0.2900  -0.1638  -0.3594   -0.9187  0.9456  0.2386   -0.2210  0.9182  -0.1222 0.3917
4.3693  -0.3364  -0.9417  2799.1840  6370.6563  720.4151  -0.3386  0.8944   -0.2922  -0.1599  -0.3593   -0.9194  0.9456  0.2386   -0.2210  0.9196  -0.1101 0.3891
4.3819  -0.3245  -0.9459  2810.4844  6386.5410  640.8429  -0.3333  0.8957   -0.2943  -0.1560  -0.3592   -0.9201  0.9456  0.2386   -0.2210  0.9210  -0.0979 0.3865
4.3945  -0.3126  -0.9499  2821.3314  6401.4382  561.1691  -0.3283  0.8969   -0.2963  -0.1521  -0.3590   -0.9208  0.9456  0.2386   -0.2210  0.9222  -0.0857 0.3841
4.4070  -0.3006  -0.9537  2831.7233  6415.3454  481.4063  -0.3236  0.8979   -0.2983  -0.1483  -0.3589   -0.9215  0.9456  0.2386   -0.2210  0.9235  -0.0736 0.3818
4.4196  -0.2886  -0.9575  2841.6585  6428.2604  401.5672  -0.3192  0.8989   -0.3002  -0.1445  -0.3588   -0.9222  0.9456  0.2386   -0.2210  0.9246  -0.0614 0.3795
4.4322  -0.2765  -0.9610  2851.1353  6440.1810  321.6645  -0.3150  0.8998   -0.3020  -0.1408  -0.3587   -0.9228  0.9456  0.2386   -0.2210  0.9257  -0.0491 0.3773
4.4448  -0.2644  -0.9644  2860.1523  6451.1051  241.7107  -0.3110  0.9006   -0.3037  -0.1370  -0.3586   -0.9234  0.9456  0.2386   -0.2210  0.9268  -0.0369 0.3751
4.4574  -0.2522  -0.9677  2868.7079  6461.0311  161.7186  -0.3072  0.9013   -0.3054  -0.1333  -0.3585   -0.9240  0.9456  0.2386   -0.2210  0.9277  -0.0247 0.3730
4.4700  -0.2400  -0.9708  2876.8008  6469.9572  81.7009  -0.3035  0.9020   -0.3071  -0.1296  -0.3583   -0.9246  0.9456  0.2386   -0.2210  0.9286  -0.0125 0.3710
4.4826  -0.2278  -0.9737  2884.4296  6477.8821  1.6702  -0.3000  0.9026   -0.3087  -0.1258  -0.3582   -0.9251  0.9456  0.2386   -0.2210  0.9295  -0.0003 0.3689
4.4952  -0.2155  -0.9765  2891.5932  6484.8043  78.3607  -0.2965  0.9032   -0.3103  -0.1221  -0.3581   -0.9257  0.9456  0.2386   -0.2210  0.9302  0.0120 0.3669
4.5078  -0.2032  -0.9791  2898.2903  6490.7227  158.3792  -0.2932  0.9038   -0.3119  -0.1184  -0.3580   -0.9262  0.9456  0.2386   -0.2210  0.9309  0.0242 0.3650
4.5204  -0.1908  -0.9816  2904.5199  6495.6364  238.3726  -0.2899  0.9043   -0.3135  -0.1147  -0.3579   -0.9267  0.9456  0.2386   -0.2210  0.9316  0.0364 0.3630
4.5330  -0.1785  -0.9839  2910.2809  6499.5447  318.3282  -0.2867  0.9048   -0.3150  -0.1110  -0.3577   -0.9272  0.9456  0.2386   -0.2210  0.9321  0.0486 0.3611
4.5456  -0.1661  -0.9861  2915.5723  6502.4468  398.2334  -0.2835  0.9052   -0.3165  -0.1072  -0.3576   -0.9277  0.9456  0.2386   -0.2210  0.9326  0.0608 0.3592
4.5581  -0.1536  -0.9881  2920.3932  6504.3423  478.0754  -0.2803  0.9057   -0.3181  -0.1035  -0.3575   -0.9282  0.9456  0.2386   -0.2210  0.9331  0.0730 0.3573
4.5707  -0.1412  -0.9900  2924.7429  6505.2310  557.8416  -0.2772  0.9061   -0.3196  -0.0997  -0.3573   -0.9286  0.9456  0.2386   -0.2210  0.9334  0.0852 0.3555
4.5833  -0.1287  -0.9917  2928.6205  6505.1127  637.5194  -0.2740  0.9065   -0.3211  -0.0959  -0.3572   -0.9291  0.9456  0.2386   -0.2210  0.9337  0.0974 0.3537
4.5959  -0.1162  -0.9932  2932.0254  6503.9876  717.0960  -0.2708  0.9070   -0.3226  -0.0920  -0.3570   -0.9296  0.9456  0.2386   -0.2210  0.9340  0.1096 0.3519
4.6085  -0.1037  -0.9946  2934.9570  6501.8558  796.5590  -0.2676  0.9074   -0.3242  -0.0881  -0.3568   -0.9300  0.9456  0.2386   -0.2210  0.9341  0.1217 0.3502
4.6211  -0.0912  -0.9958  2937.4148  6498.7177  875.8957  -0.2643  0.9078   -0.3257  -0.0842  -0.3566   -0.9304  0.9456  0.2386   -0.2210  0.9342  0.1338 0.3485
4.6337  -0.0786  -0.9969  2939.3982  6494.5740  955.0936  -0.2609  0.9082   -0.3273  -0.0803  -0.3564   -0.9309  0.9456  0.2386   -0.2210  0.9343  0.1459 0.3468
4.6463  -0.0661  -0.9978  2940.9069  6489.4254  1034.1400  -0.2574  0.9086   -0.3289  -0.0763  -0.3562   -0.9313  0.9456  0.2386   -0.2210  0.9343  0.1580 0.3452
4.6589  -0.0535  -0.9986  2941.9406  6483.2727  1113.0224  -0.2538  0.9090   -0.3305  -0.0722  -0.3560   -0.9317  0.9456  0.2386   -0.2210  0.9342  0.1701 0.3436
4.6715  -0.0409  -0.9992  2942.4990  6476.1171  1191.7284  -0.2500  0.9095   -0.3321  -0.0681  -0.3557   -0.9321  0.9456  0.2386   -0.2210  0.9341  0.1821 0.3421
4.6841  -0.0283  -0.9996  2942.5820  6467.9599  1270.2455  -0.2460  0.9100   -0.3338  -0.0639  -0.3555   -0.9325  0.9456  0.2386   -0.2210  0.9339  0.1941 0.3407
4.6966  -0.0157  -0.9999  2942.1893  6458.8025  1348.5611  -0.2418  0.9104   -0.3356  -0.0596  -0.3552   -0.9329  0.9456  0.2386   -0.2210  0.9337  0.2060 0.3393
4.7092  -0.0031  -1.0000  2941.3210  6448.6465  1426.6630  -0.2373  0.9110   -0.3374  -0.0552  -0.3549   -0.9333  0.9456  0.2386   -0.2210  0.9334  0.2180 0.3381
4.7218  +0.0094  -1.0000  2939.9771  6437.4936  1504.5386  -0.2325  0.9115   -0.3392  -0.0508  -0.3545   -0.9337  0.9456  0.2386   -0.2210  0.9331  0.2299 0.3370
4.7344  +0.0220  -0.9998  2938.1577  6425.3458  1582.1758  -0.2272  0.9121   -0.3412  -0.0463  -0.3542   -0.9340  0.9456  0.2386   -0.2210  0.9328  0.2417 0.3361
4.7470  +0.0346  -0.9994  2935.8630  6412.2053  1659.5620  0.2214  -0.9128   0.3432  -0.0416  -0.3538   -0.9344  -0.9456  -0.2386   0.2210  0.9324  -0.2536 -0.3353
4.7596  +0.0472  -0.9989  2933.0932  6398.0743  1736.6852  0.2151  -0.9135   0.3453  -0.0369  -0.3534   -0.9348  -0.9456  -0.2386   0.2210  0.9320  -0.2653 -0.3348
4.7722  +0.0598  -0.9982  2929.8486  6382.9553  1813.5330  0.2079  -0.9143   0.3476  -0.0320  -0.3529   -0.9351  -0.9456  -0.2386   0.2210  0.9315  -0.2771 -0.3346
4.7848  +0.0723  -0.9974  2926.1296  6366.8509  1890.0933  0.1998  -0.9152   0.3501  -0.0271  -0.3524   -0.9354  -0.9456  -0.2386   0.2210  0.9310  -0.2888 -0.3347
4.7974  +0.0849  -0.9964  2921.9366  6349.7639  1966.3539  0.1905  -0.9161   0.3527  -0.0219  -0.3519   -0.9358  -0.9456  -0.2386   0.2210  0.9305  -0.3004 -0.3353
4.8100  +0.0974  -0.9952  2917.2702  6331.6974  2042.3028  0.1797  -0.9172   0.3556  -0.0166  -0.3513   -0.9361  -0.9456  -0.2386   0.2210  0.9300  -0.3120 -0.3364
4.8226  +0.1100  -0.9939  2912.1309  6312.6543  2117.9279  0.1669  -0.9184   0.3588  0.0112  0.3507   0.9364  0.9456  0.2386   -0.2210  -0.9295  0.3236 -0.3383
4.8352  +0.1225  -0.9925  2906.5194  6292.6382  2193.2171  0.1513  -0.9196   0.3625  -0.0056  -0.3500   -0.9367  -0.9456  -0.2386   0.2210  0.9290  -0.3351 -0.3412
4.8477  +0.1349  -0.9909  2900.4364  6271.6524  2268.1587  0.1321  -0.9210   0.3666  0.0002  -0.3493   -0.9370  -0.9456  -0.2386   0.2210  0.9285  -0.3465 -0.3454
4.8603  +0.1474  -0.9891  2893.8827  6249.7006  2342.7406  0.1075  -0.9222   0.3714  0.0062  -0.3485   -0.9373  -0.9456  -0.2386   0.2210  0.9280  -0.3579 -0.3514
4.8729  +0.1599  -0.9871  2886.8591  6226.7867  2416.9512  0.0750  -0.9232   0.3770  -0.0125  0.3476   0.9376  0.9456  0.2386   -0.2210  -0.9275  0.3693 -0.3602
4.8855  +0.1723  -0.9850  2879.3665  6202.9146  2490.7785  0.0299  -0.9229   0.3838  -0.0189  0.3466   0.9378  0.9456  0.2386   -0.2210  -0.9270  0.3806 -0.3729
4.8981  +0.1847  -0.9828  2871.4060  6178.0886  2564.2109  -0.0366  -0.9193   0.3918  -0.0257  0.3456   0.9380  0.9456  0.2386   -0.2210  -0.9266  0.3918 -0.3919
4.9107  +0.1970  -0.9804  2862.9786  6152.3129  2637.2368  -0.1430  -0.9051   0.4004  -0.0327  0.3445   0.9382  0.9456  0.2386   -0.2210  -0.9263  0.4029 -0.4208
4.9233  +0.2093  -0.9778  2854.0853  6125.5922  2709.8446  -0.3301  -0.8534   0.4033  -0.0400  0.3432   0.9384  0.9456  0.2386   -0.2210  -0.9260  0.4140 -0.4635
4.9359  +0.2216  -0.9751  2844.7274  6097.9310  2782.0227  -0.6667  -0.6519   0.3613  -0.0477  0.3419   0.9385  0.9456  0.2386   -0.2210  -0.9258  0.4251 -0.5000
4.9485  +0.2339  -0.9723  2853.7598  6069.3343  2834.9061  -0.9456  -0.2386   0.2210  -0.0558  0.3404   0.9386  0.9840  0.0811   -0.1587  -0.9256  0.3844 -0.4360
4.9611  +0.2461  -0.9692  2824.6227  6039.8071  2925.0444  0.8958  -0.4381   0.0745  -0.0642  0.3388   0.9387  0.9456  0.2386   -0.2210  -0.9256  0.4469 0.1482
4.9737  +0.2583  -0.9661  2813.8785  6009.3547  2995.8652  0.7352  -0.6516   0.1870  -0.0732  0.3370   0.9387  0.9456  0.2386   -0.2210  -0.9257  0.4577 0.0092
4.9863  +0.2705  -0.9627  2802.6750  5977.9823  3066.2111  0.6281  -0.7403   0.2397  -0.0826  0.3350   0.9386  0.9456  0.2386   -0.2210  -0.9259  0.4685 -0.0609
4.9988  +0.2826  -0.9593  2791.0136  5945.6956  3136.0708  0.5590  -0.7845   0.2686  -0.0925  0.3328   0.9384  0.9456  0.2386   -0.2210  -0.9263  0.4791 -0.0997
5.0114  +0.2946  -0.9556  2778.8960  5912.5003  3205.4334  0.5120  -0.8098   0.2866  -0.1031  0.3304   0.9382  0.9456  0.2386   -0.2210  -0.9269  0.4897 -0.1231
5.0240  +0.3066  -0.9518  2766.3235  5878.4023  3274.2877  0.4782  -0.8258   0.2991  -0.1143  0.3278   0.9378  0.9456  0.2386   -0.2210  -0.9277  0.5003 -0.1380
5.0366  +0.3186  -0.9479  2753.2981  5843.4077  3342.6229  0.4529  -0.8366   0.3082  -0.1263  0.3248   0.9373  0.9456  0.2386   -0.2210  -0.9287  0.5107 -0.1479
5.0492  +0.3305  -0.9438  2739.8212  5807.5227  3410.4281  0.4332  -0.8443   0.3154  0.1390  -0.3215   -0.9366  -0.9456  -0.2386   0.2210  0.9300  -0.5211 -0.1545
5.0618  +0.3423  -0.9396  2725.8948  5770.7538  3477.6927  0.4175  -0.8500   0.3212  0.1528  -0.3178   -0.9358  -0.9456  -0.2386   0.2210  0.9315  -0.5313 -0.1589
5.0744  +0.3542  -0.9352  2711.5205  5733.1076  3544.4058  0.4046  -0.8544   0.3261  0.1675  -0.3137   -0.9346  -0.9456  -0.2386   0.2210  0.9334  -0.5415 -0.1617
5.0870  +0.3659  -0.9307  2696.7003  5694.5909  3610.5571  0.3939  -0.8577   0.3304  0.1834  -0.3090   -0.9332  -0.9456  -0.2386   0.2210  0.9356  -0.5516 -0.1633
5.0996  +0.3776  -0.9260  2681.4361  5655.2107  3676.1358  0.3848  -0.8604   0.3341  0.2007  -0.3038   -0.9314  -0.9456  -0.2386   0.2210  0.9382  -0.5617 -0.1641
5.1122  +0.3892  -0.9211  2665.7298  5614.9741  3741.1318  0.3770  -0.8625   0.3375  0.2194  -0.2978   -0.9291  -0.9456  -0.2386   0.2210  0.9412  -0.5716 -0.1642
5.1248  +0.4008  -0.9162  5573.8884  2649.5835  3805.5346  -0.2398  0.2911   0.9262  0.3702  -0.8642   0.3406  -0.9456  -0.2386   0.2210  -0.1637  -0.5814 -0.9446
5.1374  +0.4123  -0.9111  5531.9612  2632.9992  3869.3341  -0.2621  0.2833   0.9225  0.3643  -0.8656   0.3435  -0.9456  -0.2386   0.2210  -0.1628  -0.5912 -0.9485
5.1499  +0.4237  -0.9058  5489.2002  2615.9790  3932.5201  -0.2866  0.2745   0.9179  0.3590  -0.8667   0.3463  -0.9456  -0.2386   0.2210  -0.1615  -0.6008 -0.9529
5.1625  +0.4351  -0.9004  5445.6133  2598.5250  3995.0826  -0.3137  0.2642   0.9120  0.3543  -0.8676   0.3489  -0.9456  -0.2386   0.2210  -0.1599  -0.6104 -0.9577
5.1751  +0.4464  -0.8948  5401.2085  2580.6395  4057.0117  -0.3435  0.2523   0.9046  0.3501  -0.8683   0.3514  -0.9456  -0.2386   0.2210  -0.1581  -0.6199 -0.9628
5.1877  +0.4576  -0.8891  5355.9941  2562.3246  4118.2976  -0.3767  0.2384   0.8952  0.3463  -0.8689   0.3538  -0.9456  -0.2386   0.2210  -0.1561  -0.6292 -0.9683
5.2003  +0.4688  -0.8833  5309.9787  2543.5825  4178.9305  -0.4135  0.2220   0.8830  0.3428  -0.8693   0.3561  -0.9456  -0.2386   0.2210  -0.1538  -0.6385 -0.9738
5.2129  +0.4799  -0.8773  5263.1708  2524.4157  4238.9010  -0.4544  0.2028   0.8674  0.3397  -0.8696   0.3584  -0.9456  -0.2386   0.2210  -0.1514  -0.6476 -0.9791
5.2255  +0.4909  -0.8712  5215.5793  2504.8263  4298.1993  -0.4999  0.1799   0.8472  0.3368  -0.8698   0.3606  -0.9456  -0.2386   0.2210  -0.1489  -0.6567 -0.9835
5.2381  +0.5018  -0.8650  5167.2133  2484.8167  4356.8162  -0.5501  0.1527   0.8210  0.3341  -0.8699   0.3629  -0.9456  -0.2386   0.2210  -0.1462  -0.6657 -0.9862
5.2507  +0.5127  -0.8586  5118.0820  2464.3892  4414.7424  -0.6053  0.1204   0.7869  0.3317  -0.8699   0.3651  -0.9456  -0.2386   0.2210  -0.1434  -0.6745 -0.9859
5.2633  +0.5234  -0.8521  5068.1951  2443.5464  4471.9686  -0.6647  0.0821   0.7426  0.3294  -0.8698   0.3673  -0.9456  -0.2386   0.2210  -0.1405  -0.6833 -0.9807
5.2759  +0.5341  -0.8454  5017.5620  2422.2904  4528.4858  -0.7272  0.0369   0.6854  0.3273  -0.8697   0.3694  -0.9456  -0.2386   0.2210  -0.1375  -0.6919 -0.9679
5.2885  +0.5447  -0.8386  4966.1929  2400.6238  4584.2850  -0.7900  -0.0152   0.6129  0.3253  -0.8695   0.3716  -0.9456  -0.2386   0.2210  -0.1345  -0.7004 -0.9443
5.3010  +0.5552  -0.8317  4914.0977  2378.5490  4639.3574  -0.8491  -0.0740   0.5230  0.3234  -0.8693   0.3738  -0.9456  -0.2386   0.2210  -0.1313  -0.7088 -0.9064
5.3136  +0.5657  -0.8246  4861.2870  2356.0684  4693.6943  -0.8990  -0.1375   0.4157  0.3217  -0.8690   0.3761  -0.9456  -0.2386   0.2210  -0.1281  -0.7171 -0.8514
5.3262  +0.5760  -0.8174  4807.7713  2333.1844  4747.2870  -0.9341  -0.2026   0.2940  0.3201  -0.8686   0.3783  -0.9456  -0.2386   0.2210  -0.1248  -0.7253 -0.7784
5.3388  +0.5863  -0.8101  4800.1270  2309.8994  4753.5614  -0.9456  -0.2386   0.2210  0.3186  -0.8682   0.3805  -0.9501  -0.2654   0.1637  -0.1215  -0.6897 -0.7334
5.3514  +0.5964  -0.8027  4852.2060  2286.2158  4698.6686  -0.9456  -0.2386   0.2210  0.3172  -0.8677   0.3828  -0.9462  -0.3220   0.0329  -0.1181  -0.5907 -0.7413
5.3640  +0.6065  -0.7951  4643.1041  2262.1360  4903.5157  0.9246  0.3699   0.0910  0.3158  -0.8671   0.3851  -0.9456  -0.2386   0.2210  -0.1147  -0.7492 0.4884
5.3766  +0.6164  -0.7874  4586.8797  2237.6624  4954.0480  0.8901  0.4084   0.2025  0.3145  -0.8666   0.3875  -0.9456  -0.2386   0.2210  -0.1112  -0.7569 0.3892
5.3892  +0.6263  -0.7796  4530.0073  2212.7973  5003.7949  0.8477  0.4380   0.2992  0.3133  -0.8659   0.3899  -0.9456  -0.2386   0.2210  -0.1077  -0.7645 0.2977
5.4018  +0.6361  -0.7716  4472.4990  2187.5430  5052.7484  0.8019  0.4602   0.3810  0.3122  -0.8652   0.3923  -0.9456  -0.2386   0.2210  -0.1041  -0.7720 0.2161
5.4144  +0.6457  -0.7636  4414.3676  2161.9017  5100.9008  0.7559  0.4765   0.4490  0.3111  -0.8645   0.3948  -0.9456  -0.2386   0.2210  -0.1005  -0.7793 0.1452
5.4270  +0.6553  -0.7554  4355.6257  2135.8755  5148.2445  0.7114  0.4884   0.5054  0.3101  -0.8637   0.3973  -0.9456  -0.2386   0.2210  -0.0969  -0.7866 0.0844
5.4396  +0.6648  -0.7471  4296.2867  2109.4668  5194.7720  0.6696  0.4971   0.5519  0.3092  -0.8628   0.3999  -0.9456  -0.2386   0.2210  -0.0932  -0.7937 0.0328
5.4521  +0.6741  -0.7386  4236.3641  2082.6773  5240.4759  0.6309  0.5035   0.5903  0.3083  -0.8619   0.4026  -0.9456  -0.2386   0.2210  -0.0896  -0.8007 -0.0107
5.4647  +0.6834  -0.7301  4175.8718  2055.5092  5285.3489  0.5954  0.5082   0.6223  0.3074  -0.8609   0.4053  -0.9456  -0.2386   0.2210  -0.0858  -0.8075 -0.0475
5.4773  +0.6925  -0.7214  4114.8242  5329.3839  2027.9643  0.5629  0.5119   0.6490  -0.9456  -0.2386   0.2210  -0.3066  0.8599   -0.4081  -0.8143  0.0821 -0.0784
5.4899  +0.7015  -0.7126  4053.2360  5372.5740  2000.0442  0.5332  0.5148   0.6714  -0.9456  -0.2386   0.2210  -0.3058  0.8588   -0.4109  -0.8209  0.0783 -0.1044
5.5025  +0.7104  -0.7038  3991.1224  5414.9124  1971.7506  0.5061  0.5171   0.6903  -0.9456  -0.2386   0.2210  -0.3051  0.8577   -0.4139  -0.8273  0.0745 -0.1262
5.5151  +0.7192  -0.6948  3928.4992  5456.3922  1943.0850  0.4813  0.5191   0.7063  -0.9456  -0.2386   0.2210  -0.3044  0.8565   -0.4169  -0.8337  0.0707 -0.1446
5.5277  +0.7279  -0.6856  3865.3826  5497.0069  1914.0486  0.4585  0.5210   0.7200  -0.9456  -0.2386   0.2210  -0.3038  0.8552   -0.4200  -0.8399  0.0669 -0.1599
5.5403  +0.7365  -0.6764  3801.7892  5536.7501  1884.6425  0.4375  0.5227   0.7317  -0.9456  -0.2386   0.2210  -0.3032  0.8538   -0.4233  -0.8459  0.0630 -0.1727
5.5529  +0.7450  -0.6671  3737.7365  5575.6154  1854.8677  0.4182  0.5244   0.7417  -0.9456  -0.2386   0.2210  -0.3026  0.8523   -0.4266  -0.8519  0.0592 -0.1833
5.5655  +0.7533  -0.6577  3673.2424  5613.5968  1824.7248  0.4002  0.5262   0.7503  -0.9456  -0.2386   0.2210  -0.3020  0.8508   -0.4300  -0.8577  0.0553 -0.1920
5.5781  +0.7615  -0.6481  3608.3255  5650.6882  1794.2142  0.3835  0.5280   0.7577  -0.9456  -0.2386   0.2210  -0.3015  0.8492   -0.4335  -0.8633  0.0514 -0.1990
5.5906  +0.7696  -0.6385  3543.0053  5686.8837  1763.3360  0.3679  0.5299   0.7641  -0.9456  -0.2386   0.2210  -0.3010  0.8475   -0.4372  -0.8689  0.0475 -0.2047
5.6032  +0.7776  -0.6287  3477.3018  5722.1775  1732.0900  0.3533  0.5320   0.7695  -0.9456  -0.2386   0.2210  -0.3006  0.8457   -0.4410  -0.8743  0.0435 -0.2091
5.6158  +0.7855  -0.6189  3411.2363  5756.5642  1700.4758  0.3396  0.5342   0.7742  -0.9456  -0.2386   0.2210  -0.3002  0.8438   -0.4449  -0.8795  0.0396 -0.2124
5.6284  +0.7932  -0.6090  3344.8305  5790.0381  1668.4924  0.3266  0.5366   0.7781  -0.9456  -0.2386   0.2210  -0.2998  0.8418   -0.4490  -0.8846  0.0357 -0.2147
5.6410  +0.8008  -0.5989  3278.1077  5822.5941  1636.1384  0.3144  0.5391   0.7814  -0.9456  -0.2386   0.2210  -0.2994  0.8396   -0.4532  -0.8896  0.0317 -0.2163
5.6536  +0.8083  -0.5888  3211.0918  5854.2269  1603.4122  0.3027  0.5418   0.7841  -0.9456  -0.2386   0.2210  -0.2990  0.8374   -0.4576  -0.8944  0.0277 -0.2170
5.6662  +0.8156  -0.5786  3143.8082  5884.9316  1570.3112  0.2916  0.5448   0.7863  -0.9456  -0.2386   0.2210  -0.2987  0.8350   -0.4622  -0.8991  0.0237 -0.2171
5.6788  +0.8228  -0.5683  3076.2835  5914.7033  1536.8328  0.2809  0.5479   0.7880  -0.9456  -0.2386   0.2210  -0.2984  0.8324   -0.4669  -0.9037  0.0197 -0.2166
5.6914  +0.8299  -0.5579  3008.5460  5943.5372  1502.9735  0.2707  0.5512   0.7892  -0.9456  -0.2386   0.2210  -0.2982  0.8298   -0.4718  -0.9081  0.0157 -0.2156
5.7040  +0.8369  -0.5474  2940.6253  5971.4287  1468.7290  0.2609  0.5548   0.7900  -0.9456  -0.2386   0.2210  -0.2979  0.8269   -0.4769  -0.9123  0.0117 -0.2141
5.7166  +0.8437  -0.5368  2872.5529  5998.3736  1434.0948  0.2514  0.5587   0.7904  -0.9456  -0.2386   0.2210  -0.2977  0.8239   -0.4823  -0.9165  0.0077 -0.2121
5.7292  +0.8504  -0.5261  2804.3622  6024.3674  1399.0651  0.2422  0.5627   0.7904  -0.9456  -0.2386   0.2210  -0.2975  0.8207   -0.4878  -0.9204  0.0037 -0.2098
5.7417  +0.8570  -0.5154  2736.0886  6049.4061  1363.6336  0.2333  0.5670   0.7900  -0.9456  -0.2386   0.2210  -0.2973  0.8173   -0.4936  -0.9243  -0.0004 -0.2072
5.7543  +0.8634  -0.5045  2667.7701  6073.4857  1327.7931  0.2246  0.5716   0.7892  -0.9456  -0.2386   0.2210  -0.2971  0.8137   -0.4996  -0.9279  -0.0044 -0.2043
5.7669  +0.8697  -0.4936  2599.4469  6096.6023  1291.5355  0.2160  0.5765   0.7880  -0.9456  -0.2386   0.2210  -0.2969  0.8099   -0.5059  -0.9315  -0.0085 -0.2011
5.7795  +0.8758  -0.4826  2531.1623  6118.7524  1254.8517  0.2077  0.5816   0.7865  -0.9456  -0.2386   0.2210  -0.2967  0.8058   -0.5124  -0.9349  -0.0126 -0.1977
5.7921  +0.8818  -0.4716  2462.9624  6139.9324  1217.7318  0.1995  0.5870   0.7846  -0.9456  -0.2386   0.2210  -0.2966  0.8015   -0.5192  -0.9381  -0.0167 -0.1941
5.8047  +0.8877  -0.4604  2394.8968  6160.1389  1180.1649  0.1914  0.5928   0.7823  -0.9456  -0.2386   0.2210  -0.2964  0.7969   -0.5263  -0.9412  -0.0208 -0.1903
5.8173  +0.8934  -0.4492  2327.0188  6179.3688  1142.1393  0.1834  0.5988   0.7796  -0.9456  -0.2386   0.2210  -0.2963  0.7921   -0.5337  -0.9441  -0.0250 -0.1864
5.8299  +0.8990  -0.4379  2259.3855  6197.6190  1103.6424  0.1755  0.6050   0.7766  -0.9456  -0.2386   0.2210  -0.2961  0.7870   -0.5413  -0.9469  -0.0291 -0.1823
5.8425  +0.9045  -0.4266  2192.0585  6214.8865  1064.6612  0.1677  0.6116   0.7732  -0.9456  -0.2386   0.2210  -0.2959  0.7815   -0.5492  -0.9495  -0.0333 -0.1781
5.8551  +0.9098  -0.4152  2125.1042  6231.1687  1025.1822  0.1599  0.6185   0.7694  -0.9456  -0.2386   0.2210  -0.2957  0.7758   -0.5574  -0.9520  -0.0376 -0.1739
5.8677  +0.9149  -0.4037  2058.5940  6246.4630  985.1918  0.1522  0.6256   0.7652  -0.9456  -0.2386   0.2210  -0.2954  0.7698   -0.5658  -0.9544  -0.0419 -0.1696
5.8803  +0.9199  -0.3921  1992.6047  6260.7670  944.6770  0.1445  0.6329   0.7606  -0.9456  -0.2386   0.2210  -0.2951  0.7634   -0.5745  -0.9566  -0.0462 -0.1653
5.8928  +0.9248  -0.3805  1927.2193  6274.0783  903.6259  0.1369  0.6405   0.7556  -0.9456  -0.2386   0.2210  -0.2948  0.7568   -0.5834  -0.9586  -0.0506 -0.1609
5.9054  +0.9295  -0.3688  1862.5270  6286.3949  862.0285  0.1293  0.6483   0.7503  -0.9456  -0.2386   0.2210  -0.2943  0.7499   -0.5925  -0.9605  -0.0551 -0.1566
5.9180  +0.9341  -0.3571  1798.6240  6297.7148  819.8782  0.1218  0.6562   0.7447  0.9456  0.2386   -0.2210  0.2939  -0.7427   0.6017  0.9622  0.0596 -0.1522
5.9306  +0.9385  -0.3453  1735.6138  6308.0363  777.1729  0.1143  0.6641   0.7388  0.9456  0.2386   -0.2210  0.2933  -0.7353   0.6110  0.9638  0.0643 -0.1479
5.9432  +0.9428  -0.3335  1673.6080  6317.3576  733.9169  0.1069  0.6721   0.7327  0.9456  0.2386   -0.2210  0.2926  -0.7278   0.6202  0.9652  0.0690 -0.1435
5.9558  +0.9469  -0.3216  1612.7268  6325.6774  690.1234  0.0997  0.6799   0.7265  0.9456  0.2386   -0.2210  0.2918  -0.7202   0.6294  0.9665  0.0739 -0.1392
5.9684  +0.9509  -0.3096  1553.1002  6332.9943  645.8175  0.0926  0.6875   0.7202  0.9456  0.2386   -0.2210  0.2909  -0.7127   0.6383  0.9676  0.0789 -0.1350
5.9810  +0.9547  -0.2976  1494.8692  6339.3070  601.0393  0.0857  0.6948   0.7141  0.9456  0.2386   -0.2210  0.2898  -0.7053   0.6469  0.9686  0.0841 -0.1307
5.9936  +0.9584  -0.2856  1438.1877  6344.6148  555.8485  0.0791  0.7016   0.7082  0.9456  0.2386   -0.2210  0.2886  -0.6984   0.6550  0.9694  0.0895 -0.1264
6.0062  +0.9619  -0.2735  1383.2247  6348.9166  510.3293  0.0728  0.7077   0.7027  0.9456  0.2386   -0.2210  0.2872  -0.6919   0.6624  0.9700  0.0951 -0.1221
6.0188  +0.9652  -0.2614  1330.1680  6352.2118  464.5963  0.0670  0.7129   0.6980  0.9456  0.2386   -0.2210  0.2856  -0.6863   0.6689  0.9705  0.1009 -0.1178
6.0314  +0.9685  -0.2492  1279.2288  6354.4999  418.8020  0.0617  0.7170   0.6943  0.9456  0.2386   -0.2210  0.2839  -0.6818   0.6742  0.9709  0.1070 -0.1133
6.0439  +0.9715  -0.2370  1230.6478  6355.7806  373.1445  0.0570  0.7197   0.6919  0.9456  0.2386   -0.2210  0.2820  -0.6787   0.6781  0.9711  0.1133 -0.1086
6.0565  +0.9744  -0.2247  1184.7032  6356.0535  327.8773  0.0531  0.7207   0.6912  0.9456  0.2386   -0.2210  0.2800  -0.6775   0.6802  0.9711  0.1200 -0.1036
6.0691  +0.9772  -0.2124  1141.7200  6355.3188  283.3199  0.0501  0.7197   0.6925  0.9456  0.2386   -0.2210  0.2778  -0.6784   0.6802  0.9710  0.1269 -0.0982
6.0817  +0.9798  -0.2001  1102.0813  6353.5764  239.8687  0.0481  0.7162   0.6962  0.9456  0.2386   -0.2210  0.2754  -0.6818   0.6777  0.9707  0.1342 -0.0922
6.0943  +0.9822  -0.1878  1066.2390  6350.8267  198.0074  0.0472  0.7098   0.7028  0.9456  0.2386   -0.2210  0.2728  -0.6882   0.6723  0.9703  0.1417 -0.0856
6.1069  +0.9845  -0.1754  1034.7219  6347.0701  158.3139  0.0476  0.7002   0.7124  0.9456  0.2386   -0.2210  0.2700  -0.6978   0.6634  0.9697  0.1495 -0.0781
6.1195  +0.9866  -0.1630  1008.1364  6342.3073  121.4596  0.0493  0.6867   0.7253  0.9456  0.2386   -0.2210  0.2671  -0.7109   0.6507  0.9690  0.1575 -0.0696
6.1321  +0.9886  -0.1505  987.1534  6336.5388  88.1933  0.0523  0.6691   0.7414  0.9456  0.2386   -0.2210  0.2638  -0.7272   0.6337  0.9681  0.1654 -0.0599
6.1447  +0.9904  -0.1381  972.4722  6329.7658  59.3033  0.0566  0.6471   0.7603  0.9456  0.2386   -0.2210  0.2603  -0.7464   0.6124  0.9671  0.1732 -0.0489
6.1573  +0.9921  -0.1256  964.7569  6321.9892  35.5509  0.0619  0.6210   0.7814  0.9456  0.2386   -0.2210  0.2564  -0.7680   0.5869  0.9659  0.1807 -0.0367
6.1699  +0.9936  -0.1131  964.5486  6313.2103  17.5798  0.0680  0.5911   0.8037  0.9456  0.2386   -0.2210  0.2522  -0.7908   0.5577  0.9646  0.1875 -0.0233
6.1825  +0.9949  -0.1006  972.1706  6303.4304  5.8195  0.0744  0.5586   0.8261  0.9456  0.2386   -0.2210  0.2478  -0.8136   0.5260  0.9631  0.1936 -0.0090
6.1950  +0.9961  -0.0880  987.6590  6292.6512  0.4133  0.0807  0.5248   0.8474  -0.9456  -0.2386   0.2210  -0.2432  0.8354   -0.4929  -0.9614  -0.1988 0.0058
6.2076  +0.9971  -0.0755  1010.7446  6280.8743  1.1989  0.0864  0.4910   0.8669  -0.9456  -0.2386   0.2210  -0.2386  0.8553   -0.4600  -0.9596  -0.2032 0.0207
6.2202  +0.9980  -0.0629  1040.8974  6268.1016  7.7508  0.0913  0.4587   0.8839  -0.9456  -0.2386   0.2210  -0.2341  0.8726   -0.4286  -0.9577  -0.2067 0.0355
6.2328  +0.9987  -0.0503  1077.4119  6254.3351  19.4651  0.0951  0.4287   0.8984  -0.9456  -0.2386   0.2210  -0.2299  0.8874   -0.3996  -0.9556  -0.2095 0.0498
6.2454  +0.9993  -0.0378  1119.5039  6239.5770  35.6550  0.0979  0.4017   0.9105  -0.9456  -0.2386   0.2210  -0.2261  0.8996   -0.3737  -0.9533  -0.2118 0.0634
6.2580  +0.9997  -0.0252  1166.3912  6223.8297  55.6312  0.0996  0.3779   0.9205  -0.9456  -0.2386   0.2210  -0.2227  0.9095   -0.3510  -0.9509  -0.2138 0.0764
6.2706  +0.9999  -0.0126  1217.3466  6207.0956  78.7546  0.1003  0.3572   0.9286  -0.9456  -0.2386   0.2210  -0.2197  0.9175   -0.3315  -0.9484  -0.2155 0.0886
6.2832  +1.0000  -0.0000  1271.7249  6189.3774  104.4628  0.1001  0.3395   0.9353  -0.9456  -0.2386   0.2210  -0.2171  0.9239   -0.3150  -0.9456  -0.2171 0.1001
